Region: %d
 3
3.0
3.0
2.5
2.5
3.0
3.0
4.0
5.0
5.0
6.5
8.0
9.0
11.0
12.0
13.5
17.5
20.0
22.0
24.0
25.0
27.0
32.0
35.5
38.0
41.5
44.0
49.0
51.0
55.0
58.5
62.0
65.0
71.5
74.0
78.5
83.5
88.5
94.5
97.0
102.5
108.0
110.5
117.0
122.5
127.0
134.5
140.0
143.0
150.5
156.0
162.0
165.0
172.5
178.0
181.0
188.5
190.5
199.5
204.0
202.0
209.5
214.5
216.5
217.5
224.5
220.0
228.5
229.0
226.0
229.0
227.0
225.0
230.0
227.0
222.0
220.5
214.5
214.0
209.0
202.0
195.5
190.0
183.5
178.5
171.0
163.0
154.5
143.0
133.5
129.0
115.0
110.5
99.5
93.5
83.5
73.0
65.0
57.0
49.0
43.0
35.0
31.0
24.5
20.0
16.0
12.5
10.0
7.5
6.0
5.0
5.0
5.5
7.0
10.0
12.5
16.0
20.5
26.5
32.5
39.0
44.5
50.0
59.5
68.5
76.0
85.0
93.5
103.0
112.0
122.5
130.5
141.5
150.5
161.0
168.0
176.5
185.5
192.5
199.5
207.5
211.5
217.0
220.5
224.5
228.5
228.5
232.5
231.5
229.0
228.5
219.0
223.0
213.5
212.0
200.0
193.0
185.0
173.0
169.5
156.5
150.0
136.5
127.0
117.0
107.5
98.5
85.5
80.5
68.5
62.5
56.0
48.0
41.0
35.5
30.0
25.0
20.5
17.0
13.5
11.0
9.0
7.0
5.5
4.5
3.5
3.0
3.0
3.0
3.5
4.5
5.5
7.0
8.5
10.5
12.0
13.5
15.5
18.5
20.0
22.5
24.0
27.0
28.5
31.0
34.0
36.0
37.5
39.5
41.5
43.0
45.5
48.0
48.5
51.0
53.5
57.0
59.5
61.0
61.5
64.0
65.0
66.5
69.0
71.0
71.0
73.5
74.0
76.0
77.5
77.0
80.5
83.0
82.0
84.0
84.5
86.0
86.5
89.5
87.5
89.0
89.0
89.0
93.0
90.5
92.5
91.5
91.5
93.5
92.0
94.0
95.5
95.0
96.5
97.5
98.0
96.5
Region: %d
 4
55.5
3.0
3.0
3.0
3.0
3.0
4.0
4.0
5.0
6.0
7.0
8.0
9.0
10.0
12.5
15.0
18.0
20.0
21.5
21.5
25.0
30.0
33.0
37.5
40.0
44.0
47.5
50.0
58.0
59.5
64.0
67.5
74.0
80.0
84.0
90.0
97.0
101.5
108.0
110.5
124.0
125.0
128.5
139.0
145.0
148.5
156.5
160.5
169.5
178.0
180.0
185.5
192.0
197.5
200.0
206.0
207.0
211.5
219.5
221.0
226.0
228.0
231.0
230.0
233.5
231.5
234.5
231.0
231.5
234.5
229.5
224.5
228.5
221.5
213.5
211.5
204.5
198.5
198.0
187.0
181.5
175.5
164.5
157.0
150.0
143.5
134.0
124.0
115.5
111.5
102.0
92.5
86.0
77.5
70.0
65.5
57.5
49.0
43.5
38.0
32.0
27.5
23.0
18.5
15.5
12.0
9.0
8.0
6.0
6.0
6.0
6.0
8.0
10.0
12.5
16.0
21.5
27.5
32.0
38.0
48.0
55.0
63.5
73.0
83.5
95.5
104.5
117.0
131.5
140.5
157.5
171.0
178.0
191.5
205.0
209.0
221.0
230.0
235.0
245.0
248.0
252.0
255.0
254.5
255.0
255.0
251.5
249.5
248.5
242.5
233.5
231.0
222.5
213.0
206.0
194.5
184.5
176.5
163.0
156.5
145.5
133.5
124.5
115.5
103.5
93.0
85.5
74.5
69.0
60.0
52.5
46.5
39.5
33.0
28.5
24.0
18.5
16.0
12.5
10.5
7.5
5.5
4.5
4.0
3.0
3.0
4.0
4.5
5.5
7.0
8.5
10.0
12.5
14.5
17.5
20.0
22.0
25.5
27.0
31.5
33.0
36.0
40.0
41.0
45.5
47.5
51.0
56.5
56.5
60.5
64.5
65.5
70.0
72.0
74.5
77.5
79.5
84.5
84.0
86.5
90.0
90.5
95.0
91.5
97.5
97.0
100.5
102.5
104.0
102.5
101.0
106.5
107.5
108.0
110.5
110.5
112.5
114.0
115.0
115.0
114.0
118.0
115.0
116.0
120.0
118.0
118.5
118.5
118.5
116.5
121.0
121.0
117.5
121.0
121.5
120.0
Region: %d
 5
48.5
3.0
3.0
3.0
3.0
3.0
3.5
4.0
4.5
5.5
6.0
7.0
8.0
9.0
10.0
13.0
14.5
15.0
17.5
18.0
19.5
23.5
25.0
27.5
30.5
32.5
36.0
38.0
40.5
45.0
47.5
50.5
54.5
56.0
61.5
65.5
69.5
75.0
78.0
81.0
84.5
87.5
94.5
95.5
102.0
106.5
109.0
113.5
119.5
122.5
125.5
129.0
134.5
137.0
138.5
143.0
144.5
147.5
151.0
152.5
153.5
153.5
157.0
156.0
160.5
158.0
156.0
158.5
155.0
156.5
151.5
148.5
148.0
145.5
139.0
136.0
136.5
130.0
126.5
121.5
118.0
114.0
108.0
102.5
100.0
90.5
87.5
84.0
77.0
73.0
67.5
63.5
59.5
53.0
48.5
43.5
39.0
34.5
32.0
27.5
22.5
20.5
16.5
14.0
11.0
9.0
7.0
6.0
5.0
5.0
5.0
5.0
6.5
9.0
11.5
14.0
18.0
21.5
26.5
32.5
37.5
44.0
51.0
56.5
66.0
75.0
80.5
90.0
97.0
105.5
116.5
121.0
127.0
135.5
143.5
149.5
150.5
155.0
155.5
163.0
162.5
165.5
164.5
165.0
163.5
164.5
162.0
156.5
156.0
149.0
142.0
137.5
129.0
128.5
121.5
117.5
111.0
103.5
96.0
89.5
84.5
79.0
72.0
67.5
61.5
56.0
52.0
45.0
39.5
36.5
30.5
27.0
23.0
19.0
16.0
13.5
10.5
8.5
6.5
5.5
4.0
3.0
2.5
2.0
2.5
3.0
4.0
5.0
6.5
7.5
9.5
11.0
12.5
14.5
16.5
18.0
21.0
22.0
24.5
27.0
29.0
31.0
33.0
35.5
37.5
38.5
41.5
44.0
46.0
47.5
49.5
52.0
54.0
56.0
57.5
59.5
60.5
64.0
65.0
67.5
69.0
70.5
72.5
71.0
73.0
75.0
76.5
76.5
78.5
79.0
80.0
80.5
82.5
82.5
83.5
86.0
85.0
84.0
87.0
89.0
89.5
90.0
91.5
90.5
90.5
91.5
91.5
91.5
90.5
90.5
92.0
91.5
90.0
93.5
92.5
92.5
Region: %d
 7
41.0
2.0
2.0
2.0
2.0
2.0
2.0
2.5
2.5
2.0
2.5
2.0
2.0
2.0
2.0
2.0
2.0
2.0
2.0
2.0
2.0
2.0
2.0
2.0
2.0
2.0
2.0
2.0
2.5
2.0
2.0
2.0
2.5
2.5
2.0
2.5
2.5
2.5
2.0
2.0
2.5
2.0
2.5
2.0
2.5
2.0
2.5
2.0
2.0
2.0
2.0
2.0
2.0
2.5
2.5
2.0
2.0
2.0
2.5
2.5
2.0
2.0
2.0
2.0
3.0
2.0
2.0
2.5
2.0
2.0
2.0
2.0
2.0
2.0
2.5
2.0
2.0
2.0
2.0
2.0
2.0
2.5
2.0
2.0
2.0
2.0
2.5
2.5
2.0
3.0
2.0
2.0
2.0
2.5
2.0
2.0
2.0
2.5
2.0
2.0
2.5
2.0
2.0
2.0
2.0
2.0
2.0
2.0
2.0
2.0
2.5
2.0
2.0
2.0
2.0
2.5
2.0
2.5
3.0
3.0
3.0
3.0
3.0
3.0
3.0
3.0
3.0
3.0
3.0
3.0
3.0
3.0
3.0
3.0
3.0
3.0
3.0
3.0
3.0
3.0
3.0
3.0
3.0
3.0
3.0
3.0
3.0
3.0
3.0
3.0
3.0
3.0
3.0
3.0
3.0
3.0
3.0
3.0
3.0
3.0
3.0
3.0
3.0
3.0
3.0
3.0
3.0
3.0
3.0
3.0
3.0
3.0
3.0
3.0
3.0
3.0
3.0
3.0
3.0
3.0
3.0
3.0
3.0
3.0
3.0
3.0
3.0
3.0
3.0
3.0
3.0
3.0
3.0
3.0
3.0
3.0
3.0
3.0
3.0
3.0
3.0
3.0
3.0
3.0
3.0
3.0
3.0
3.0
3.0
3.0
3.0
3.0
3.0
3.0
3.0
3.0
3.0
3.0
3.0
3.0
3.0
3.0
3.0
3.0
3.0
3.0
3.0
3.0
3.0
3.0
3.0
3.0
3.0
3.0
3.0
3.0
3.0
3.0
3.0
3.0
3.0
3.0
3.0
3.0
3.0
3.0
3.0
3.0
3.0
3.0
3.0
3.0
3.0
3.0
3.0
3.0
Region: %d
 10
3.0
3.0
3.0
3.0
3.0
3.5
4.0
5.0
5.0
6.5
7.5
8.0
10.5
11.5
13.0
16.5
18.5
20.5
23.5
22.0
25.0
30.5
32.5
35.0
38.0
40.5
44.0
47.5
50.0
54.0
57.5
60.5
65.5
67.5
71.0
77.0
81.5
83.0
91.5
95.0
101.5
107.0
110.5
119.0
123.0
125.0
131.5
139.5
142.0
148.0
153.5
156.5
162.5
167.0
172.5
180.0
183.0
184.5
193.5
192.5
197.0
205.0
205.0
210.0
216.5
210.5
214.0
220.5
218.5
219.5
223.0
219.5
222.0
222.0
216.0
216.5
213.0
206.0
206.0
201.0
197.5
194.5
185.5
180.0
174.0
164.5
159.0
147.5
139.5
132.5
125.0
113.0
105.5
93.5
85.0
77.5
68.0
59.5
52.5
44.0
37.5
32.5
26.0
21.0
16.5
13.0
10.0
8.5
6.5
5.0
5.5
5.0
5.5
7.0
10.0
13.0
18.0
22.0
27.0
33.0
39.0
45.5
53.5
59.5
70.0
79.0
85.5
94.5
104.0
114.5
124.5
130.5
137.5
151.5
159.0
168.0
179.0
185.0
194.5
204.0
208.0
215.5
221.0
225.0
230.5
232.0
235.5
239.5
236.0
232.5
237.0
230.0
228.0
223.5
211.0
204.0
196.5
186.5
179.5
166.5
156.0
147.0
135.5
122.0
115.0
104.5
91.0
84.5
75.0
65.0
56.5
49.5
42.5
36.5
30.5
25.5
21.0
17.0
13.0
10.5
9.0
7.0
5.5
4.0
3.5
3.0
3.0
3.0
4.0
4.0
4.5
6.0
7.5
9.5
10.5
12.0
14.5
16.0
18.0
20.5
22.0
23.5
25.0
28.0
29.5
31.5
33.5
35.0
38.0
39.5
42.0
43.0
44.5
46.5
49.0
51.0
52.0
54.5
55.0
56.5
60.0
60.0
62.5
63.0
65.0
66.0
67.0
68.5
69.0
72.0
71.5
73.0
75.5
75.0
77.5
77.5
78.0
80.0
80.0
81.0
80.5
82.0
81.5
82.0
83.0
81.5
83.0
82.0
82.5
84.5
83.5
85.5
86.5
85.5
88.0
89.5
Region: %d
 11
89.5
2.0
2.0
2.5
3.0
3.0
4.0
4.5
5.5
7.0
8.0
9.0
11.0
12.0
14.0
16.5
20.0
21.5
24.0
24.5
26.5
30.5
35.0
36.5
40.5
43.0
45.0
51.5
54.0
56.5
63.5
63.5
69.0
73.5
76.5
81.0
87.0
88.5
94.5
100.0
103.0
110.0
117.0
118.5
126.0
130.5
131.5
138.5
146.0
149.0
154.5
156.0
160.0
169.0
171.5
173.0
180.5
183.5
187.5
195.0
195.5
198.0
205.0
206.5
204.0
213.5
212.5
214.5
218.5
215.0
220.0
220.0
216.5
216.0
217.5
212.0
212.5
208.5
200.5
204.0
195.5
189.0
185.0
177.5
171.0
165.0
156.5
149.5
141.0
131.5
124.0
114.5
103.0
96.5
87.0
77.5
70.0
63.0
53.5
48.5
40.5
34.5
28.5
23.0
18.0
14.5
11.0
8.5
7.0
5.0
5.0
5.0
6.5
9.0
12.0
14.0
19.0
25.0
30.5
38.0
44.0
50.0
58.5
66.0
73.5
83.5
94.0
101.5
113.5
124.5
134.0
145.5
156.5
164.5
176.0
187.0
196.5
204.5
216.5
222.0
232.5
239.0
240.5
249.5
251.0
252.5
253.5
251.5
250.0
251.0
247.0
245.5
240.5
234.5
226.0
216.0
207.5
199.5
187.5
176.5
167.0
156.0
145.0
133.5
121.5
113.5
101.5
91.0
82.0
72.5
64.5
55.0
48.5
41.5
35.0
30.0
25.0
20.5
17.0
13.5
10.5
8.5
6.5
5.5
4.0
3.0
3.0
3.0
3.5
4.0
5.5
7.5
9.5
11.0
12.5
14.5
17.0
19.5
20.5
22.0
25.5
28.0
30.0
31.0
33.5
35.0
38.0
40.5
41.5
44.0
46.0
47.0
50.0
52.0
54.0
55.5
59.0
59.0
62.0
64.0
65.0
65.5
68.0
70.0
71.0
72.5
73.5
75.5
77.0
77.0
79.0
79.5
82.0
82.0
83.5
84.0
83.5
86.0
85.5
85.0
87.5
89.0
88.0
88.5
90.0
90.0
90.5
91.0
92.5
90.5
92.0
93.0
95.0
94.5
96.0
96.5
Region: %d
 12
31.5
2.5
3.0
3.0
3.0
3.0
3.5
4.0
6.0
6.5
8.0
9.0
10.0
11.5
14.0
17.5
19.0
22.0
25.0
24.0
26.5
32.5
37.0
39.0
43.0
46.0
49.5
54.0
58.0
61.5
68.0
71.5
76.5
81.5
87.5
93.0
98.5
103.5
110.0
117.0
121.0
127.5
131.5
143.0
146.5
151.0
159.5
164.0
171.0
178.5
180.5
191.5
196.5
203.5
207.0
212.5
216.0
222.0
229.0
232.5
234.0
238.5
240.5
243.0
243.0
243.0
247.5
242.5
242.5
242.5
239.0
240.5
238.0
233.0
231.0
224.5
219.0
215.0
208.5
203.0
195.0
187.0
180.5
174.5
164.5
155.0
149.5
139.5
129.0
123.0
114.0
106.0
98.5
88.5
82.5
73.0
65.5
56.5
49.5
44.0
38.0
32.5
26.0
22.5
18.0
15.0
11.0
9.0
7.5
6.0
6.5
6.0
7.5
9.5
12.5
16.5
22.5
28.5
35.0
41.0
52.0
59.5
69.0
79.5
90.5
98.5
114.0
125.5
136.5
151.5
162.5
175.5
190.0
201.5
212.5
224.0
233.5
242.0
252.0
255.0
255.0
255.0
255.0
255.0
255.0
255.0
255.0
255.0
255.0
255.0
249.0
241.0
236.5
228.0
218.0
205.5
196.5
184.5
175.5
164.0
153.5
143.0
130.5
121.5
108.5
98.5
88.5
81.0
73.0
63.5
55.5
49.0
42.0
36.5
30.5
26.0
21.0
16.5
13.5
10.5
8.0
6.5
4.5
4.0
3.0
3.0
3.0
4.0
5.0
7.0
9.0
11.0
13.0
15.5
19.0
21.0
24.0
27.5
30.5
34.5
37.0
42.0
44.5
47.5
52.5
55.5
57.5
61.5
65.0
70.5
70.5
75.0
77.0
80.5
83.0
86.5
89.0
93.0
96.5
98.5
99.5
104.0
104.0
106.0
107.5
107.0
111.5
114.5
115.0
117.5
120.0
118.5
120.0
121.0
123.5
124.0
128.0
127.0
129.0
128.5
127.5
129.5
130.5
131.5
132.5
132.0
137.0
134.0
133.0
135.0
134.0
134.5
136.5
137.0
134.5
139.0
Region: %d
 13
66.0
3.0
3.0
3.0
3.0
3.0
3.5
4.0
5.0
6.0
7.0
8.0
9.5
11.0
13.0
17.0
18.5
21.0
24.0
24.0
27.5
32.5
36.5
39.0
43.0
47.5
52.0
56.0
60.0
64.0
68.0
75.5
80.0
84.0
92.5
96.0
103.0
110.5
115.5
121.0
127.0
131.5
143.0
148.0
154.0
158.0
167.0
171.0
179.0
186.0
190.0
198.5
200.0
204.5
210.0
215.0
216.5
223.5
223.5
223.0
230.0
227.5
230.0
231.5
230.5
231.5
234.0
229.0
229.5
230.0
228.0
223.0
221.0
217.5
214.0
210.5
202.5
201.5
195.5
189.0
182.5
176.5
168.5
160.0
154.0
147.5
140.0
133.0
122.0
116.5
108.5
101.0
93.0
85.5
77.5
71.0
65.5
58.5
50.0
44.5
38.0
33.0
27.5
22.5
18.5
14.5
11.0
9.0
7.0
6.0
6.5
6.0
8.0
9.0
12.0
16.0
20.5
26.5
33.0
40.5
50.0
60.0
69.0
80.0
94.5
104.5
118.0
131.5
143.0
155.0
168.0
177.5
191.0
202.0
210.0
219.0
230.0
234.0
240.0
242.5
245.5
247.5
251.0
247.0
247.0
246.0
240.0
236.5
235.5
226.0
222.0
214.5
206.0
199.5
192.0
181.5
173.5
164.5
155.5
146.0
135.5
125.5
117.0
107.0
97.0
89.5
81.0
72.0
64.5
57.0
50.0
43.5
38.0
32.0
26.5
22.0
18.0
14.0
11.0
8.5
6.5
5.0
4.0
3.0
3.0
3.0
3.5
4.5
6.5
8.5
10.5
12.5
15.0
17.5
20.0
22.5
25.5
29.5
32.5
36.0
39.0
42.0
46.0
48.5
52.0
56.5
58.5
63.0
65.0
68.5
73.0
75.0
78.5
83.5
83.5
87.5
90.5
93.5
95.0
100.0
102.5
102.0
105.0
107.5
110.0
111.5
112.0
114.5
116.5
115.5
119.5
120.5
122.0
123.5
125.5
127.0
128.0
129.0
129.5
130.0
129.5
132.0
129.5
130.0
133.0
135.0
132.0
135.5
136.5
135.0
136.5
138.0
137.5
138.0
140.0
140.0
Region: %d
 15
88.5
2.5
2.0
2.0
2.0
2.0
2.0
2.0
2.0
2.0
2.0
2.0
2.0
2.0
2.0
2.0
2.0
2.0
2.0
2.0
2.0
2.0
2.0
2.0
2.5
2.0
2.0
2.5
2.0
3.0
3.0
3.0
3.0
3.0
3.0
3.0
3.0
3.0
3.0
3.0
3.0
3.0
3.0
3.0
3.0
3.0
3.0
3.0
3.0
3.0
3.0
3.0
3.0
3.0
3.0
3.0
3.0
3.0
3.0
3.0
3.0
3.0
3.0
3.0
3.0
3.0
3.0
3.0
3.0
3.0
3.0
3.0
3.0
3.0
3.0
3.0
3.0
3.0
3.0
3.0
3.0
3.0
3.0
3.0
3.0
3.0
3.0
3.0
3.0
3.0
3.0
3.0
3.0
3.0
3.0
3.0
3.0
3.0
3.0
3.0
3.0
3.0
3.0
3.0
3.0
3.0
2.5
3.0
3.0
3.0
3.0
3.0
3.0
3.0
3.0
3.0
3.0
3.0
3.0
3.0
3.0
3.0
3.0
3.0
3.0
3.0
3.0
3.0
3.0
3.0
3.0
3.0
3.0
3.0
3.0
3.0
3.0
3.0
3.0
3.0
3.0
3.0
3.0
3.0
3.0
3.0
3.0
3.0
3.0
3.0
3.0
3.0
3.0
3.0
3.0
3.0
3.0
3.0
3.0
3.0
3.0
3.0
2.5
2.0
2.0
2.0
2.0
2.0
2.0
2.0
2.0
2.0
2.0
2.0
2.0
2.0
2.0
2.0
2.0
2.0
2.0
2.0
2.0
2.0
2.0
2.5
2.0
2.0
2.0
2.5
2.0
2.0
2.0
2.0
2.0
2.0
2.0
2.0
2.0
2.0
2.0
2.0
2.0
2.0
2.0
3.0
2.0
2.0
2.0
2.0
2.0
2.0
2.0
2.5
2.0
2.0
2.0
2.0
2.0
2.0
2.0
2.0
2.0
2.0
2.0
2.0
2.0
2.0
2.0
2.0
2.0
2.0
2.0
2.5
2.0
2.0
2.0
2.0
2.0
2.0
2.0
2.0
2.0
2.0
2.0
2.0
2.0
2.0
2.0
2.0
2.0
2.0
2.0
2.0
2.0
2.0
Region: %d
 18
2.0
2.5
2.0
2.0
3.0
3.0
3.0
4.0
4.0
5.0
6.0
7.0
8.0
9.5
10.5
13.0
14.5
16.0
18.5
18.0
20.0
24.5
27.0
29.0
32.0
34.0
37.0
39.5
43.0
45.0
48.5
52.5
56.0
60.5
63.0
67.0
71.5
73.5
79.5
81.5
85.5
91.0
95.0
100.5
105.0
111.0
116.0
120.0
123.5
128.5
134.5
136.5
142.0
146.0
152.0
158.5
163.0
166.5
171.0
170.0
180.5
181.0
183.5
184.0
187.5
191.5
197.5
191.5
196.0
195.5
190.0
196.0
189.5
193.0
183.5
184.5
184.5
177.5
170.5
172.0
158.5
157.5
147.5
142.0
137.0
130.5
125.0
113.5
108.5
100.5
96.0
85.0
79.0
71.5
65.0
57.5
49.5
46.5
41.0
33.0
28.5
23.5
19.5
16.5
13.0
10.0
8.0
6.0
5.0
5.0
4.5
5.0
6.0
8.5
10.0
12.0
15.5
19.5
24.0
29.0
34.0
40.5
46.0
54.0
63.5
69.0
77.5
84.5
94.0
105.5
111.0
122.0
135.5
141.0
152.5
158.0
172.5
181.0
179.5
185.5
192.5
199.0
208.0
212.0
206.5
212.0
210.5
210.0
207.5
201.5
196.5
192.0
192.5
183.0
173.0
161.5
152.0
148.0
137.5
130.5
119.0
110.0
104.5
94.5
85.5
80.0
70.0
62.0
55.5
48.0
42.0
37.0
30.5
26.0
21.5
19.0
14.5
12.5
9.0
8.0
6.0
5.0
4.0
3.0
3.0
3.0
3.0
4.0
4.0
5.0
6.0
7.5
9.0
10.5
11.5
13.5
15.5
17.0
19.0
21.0
23.0
25.0
26.5
28.5
31.0
32.5
35.0
37.0
38.5
40.5
42.0
44.5
47.0
47.0
50.0
52.0
53.0
55.5
57.0
58.0
60.0
60.0
63.0
64.0
64.5
66.0
67.0
68.5
69.5
70.0
71.5
74.0
74.0
76.0
74.5
77.5
76.5
77.5
79.0
77.5
78.5
79.5
79.0
80.5
81.0
81.0
81.0
80.5
82.5
81.5
82.5
82.5
83.5
85.0
83.5
85.0
Region: %d
 19
63.5
3.0
3.0
3.0
3.0
3.0
4.0
4.0
5.0
5.5
6.0
7.0
8.0
9.0
10.0
12.5
14.0
15.5
17.0
17.5
19.0
22.5
25.5
27.0
29.0
32.0
34.5
36.5
39.0
42.0
45.5
47.5
51.5
56.0
59.0
63.5
65.0
69.5
72.5
76.5
81.0
85.5
90.0
93.0
97.0
102.5
106.5
111.5
116.0
120.0
125.5
129.0
134.0
139.5
142.5
148.5
151.5
158.0
162.5
160.0
169.5
169.5
175.0
178.0
177.0
180.0
183.5
184.5
184.5
179.5
185.0
183.0
180.5
183.0
176.0
178.0
176.5
170.0
170.5
164.5
157.5
153.0
149.5
143.0
134.5
126.5
123.0
115.0
106.0
99.5
93.5
86.0
78.5
73.0
65.0
59.0
51.5
46.0
40.0
34.0
29.5
25.0
21.0
17.0
13.0
11.0
8.5
7.0
5.5
4.5
4.5
4.5
6.0
7.0
10.0
11.0
14.5
19.0
24.5
29.0
33.5
39.0
44.5
53.5
60.0
66.5
74.5
83.0
93.0
101.5
109.5
121.0
128.5
138.5
146.0
153.0
160.5
172.5
178.0
183.5
190.0
196.5
201.0
202.5
208.0
208.0
208.5
209.5
207.5
202.0
199.0
194.0
188.0
182.5
176.0
164.5
160.5
148.0
144.5
132.5
121.5
113.0
104.5
96.0
87.5
80.0
71.0
65.5
57.5
50.5
44.0
38.0
32.5
28.5
23.5
19.5
16.5
13.5
10.5
9.0
7.5
5.5
5.0
4.0
3.0
3.0
3.0
3.0
3.5
4.5
5.5
7.0
8.0
9.5
10.5
12.5
14.5
16.5
18.0
19.0
22.0
24.5
26.5
27.0
29.0
31.5
33.5
36.0
37.0
39.0
41.5
42.5
45.0
47.0
48.5
51.0
51.5
54.0
56.5
56.5
60.0
60.5
62.5
63.5
65.0
65.0
67.0
66.5
69.5
70.0
70.5
73.5
72.5
74.0
73.0
76.0
76.0
76.0
76.5
78.0
78.5
79.5
78.5
79.5
79.5
81.5
80.5
82.0
81.5
81.5
81.5
82.5
82.5
84.0
84.5
83.5
Region: %d
 20
64.0
2.5
3.0
2.5
3.0
3.0
3.5
4.0
5.0
6.0
7.0
8.5
9.5
11.0
12.5
16.0
18.5
19.5
22.5
22.5
25.0
29.5
32.0
35.0
39.0
40.5
45.5
49.0
52.0
55.0
61.0
64.5
68.0
73.5
77.0
81.5
88.0
91.5
98.0
100.5
107.5
114.0
120.5
123.0
128.5
135.5
142.5
146.0
151.0
159.0
160.5
171.0
174.0
181.5
181.5
189.5
196.5
201.0
199.5
206.0
209.5
213.0
215.0
216.0
219.0
220.0
223.5
225.0
222.0
222.5
223.0
218.0
218.0
213.5
210.0
209.5
203.0
202.0
195.0
189.0
183.0
174.5
171.0
162.5
155.5
148.0
138.0
132.0
121.0
115.0
107.5
97.0
90.5
81.5
74.0
69.5
60.5
52.5
46.5
41.0
34.5
29.5
25.5
21.0
16.5
14.0
10.5
8.0
6.0
5.0
4.5
5.0
6.0
8.5
11.5
14.5
20.0
25.0
30.5
36.5
44.5
53.5
60.5
70.5
83.5
91.5
103.0
116.0
126.5
140.0
150.0
164.5
175.5
186.5
197.5
207.5
218.0
225.5
233.5
241.0
247.5
250.5
254.5
255.0
255.0
255.0
254.0
254.0
247.5
246.5
237.0
227.5
219.0
214.5
204.5
194.0
183.5
174.5
161.0
152.0
141.5
131.5
118.0
110.0
100.0
92.0
82.5
73.0
67.0
58.5
51.5
45.0
37.0
32.0
27.5
23.0
19.5
15.5
12.5
9.5
7.5
5.5
4.5
3.5
3.0
3.0
3.0
4.0
5.0
7.0
8.5
10.0
12.5
14.5
17.5
20.0
23.0
25.5
28.0
30.5
34.5
39.0
40.0
43.5
46.5
49.0
51.5
54.0
57.5
61.5
63.5
66.0
70.0
74.0
76.5
75.5
81.0
81.5
85.5
87.0
92.0
93.5
93.5
97.5
97.5
99.5
101.5
104.0
104.0
107.0
108.5
109.0
110.0
111.0
111.5
113.5
113.0
113.5
115.5
116.0
115.5
116.5
117.0
116.5
119.0
121.5
121.5
119.5
120.5
122.5
122.0
121.0
120.0
122.5
124.5
125.0
Region: %d
 21
62.0
3.0
3.0
3.0
3.0
4.0
4.0
5.0
5.0
6.0
7.0
9.0
9.5
11.5
13.0
16.5
18.5
21.0
24.0
24.0
27.0
34.0
36.0
39.5
43.5
48.0
52.5
56.0
60.5
65.0
71.0
75.0
81.5
85.0
93.0
97.5
105.5
110.5
116.0
121.5
128.5
136.0
145.0
149.0
157.0
160.5
169.0
172.0
179.5
184.0
190.0
196.5
203.0
210.5
213.5
216.5
226.5
227.5
226.5
233.0
231.0
234.0
235.5
237.5
239.0
237.0
239.5
237.0
233.0
231.5
231.0
225.0
225.0
218.0
215.5
214.5
205.5
198.5
194.5
189.5
183.5
175.5
168.0
159.5
154.5
146.0
140.5
131.5
122.5
113.0
106.5
100.5
91.0
84.0
75.5
69.0
63.0
55.5
48.0
43.5
37.0
31.5
25.5
21.0
17.0
13.5
10.5
8.0
7.0
6.0
6.0
7.0
8.5
10.5
14.0
18.0
23.5
29.0
36.0
45.0
55.0
64.5
75.0
87.5
99.5
111.0
125.5
137.5
154.5
166.5
180.5
193.0
204.0
214.5
223.0
232.5
242.5
248.5
255.0
255.0
255.0
255.0
255.0
255.0
255.0
255.0
255.0
254.0
247.0
239.0
233.5
224.5
220.5
210.5
201.5
195.5
181.5
169.0
160.5
153.0
143.5
133.5
121.5
109.5
103.5
91.5
85.0
75.0
68.5
59.5
51.5
44.5
39.0
32.5
26.5
22.0
17.5
13.5
10.5
7.5
5.0
4.0
3.0
3.0
3.0
3.0
5.0
6.0
8.5
10.0
13.0
15.0
18.5
21.5
24.5
27.5
31.5
36.0
39.5
43.5
48.0
51.0
55.5
60.0
64.0
68.0
70.5
75.0
79.5
83.5
87.0
90.0
94.5
98.0
99.5
105.5
107.5
109.5
113.5
117.0
119.5
122.5
126.0
127.0
127.5
132.0
134.5
134.0
139.0
140.0
140.5
142.5
145.5
148.0
147.0
151.0
151.0
150.0
153.5
153.0
156.0
154.5
156.5
157.5
158.5
159.0
160.5
162.5
161.5
160.5
161.0
159.5
159.0
158.5
159.0
160.0
Region: %d
 26
42.5
3.0
3.0
3.0
3.0
3.0
4.0
4.5
5.0
6.0
7.0
8.5
9.5
11.0
12.5
16.0
17.5
19.5
21.5
21.5
25.0
28.5
31.0
34.0
37.0
40.0
43.0
46.0
49.5
53.0
57.0
59.5
65.5
69.0
73.0
77.5
81.5
86.5
93.5
95.5
102.5
107.5
112.0
117.0
122.5
125.5
135.5
137.5
141.0
150.5
157.0
159.5
168.0
168.0
174.5
180.5
182.5
190.5
193.0
192.5
202.5
199.0
210.5
215.0
217.0
217.0
215.0
219.5
220.5
218.0
216.5
214.5
213.0
211.5
206.0
202.5
199.0
196.0
189.0
183.0
178.0
170.0
163.0
157.5
147.5
139.5
130.5
126.0
115.5
109.0
97.5
87.5
85.0
72.5
65.5
61.5
52.5
46.5
39.5
33.0
29.5
23.5
20.5
16.5
13.0
11.0
9.0
7.0
6.0
5.0
5.0
6.5
7.5
9.5
12.5
16.5
20.0
26.0
30.5
36.0
44.5
51.5
58.0
66.0
75.5
86.0
95.5
106.5
118.0
130.0
139.0
148.5
161.5
172.0
179.0
192.0
200.5
208.5
218.0
221.0
229.0
230.0
231.0
235.0
234.5
235.5
235.0
229.0
226.5
220.5
213.0
211.0
202.5
197.0
184.5
175.5
164.5
156.5
148.0
139.5
127.0
120.0
108.5
101.0
92.5
80.5
71.0
65.0
58.0
51.0
43.5
38.0
33.0
26.5
23.5
19.0
15.0
12.0
9.5
8.0
6.5
5.0
4.0
3.0
3.0
3.0
4.0
5.0
6.0
7.5
9.0
12.0
14.0
16.0
17.0
19.5
22.5
24.5
27.5
30.5
33.5
36.0
38.5
40.0
43.0
44.5
47.5
49.5
51.0
56.0
58.5
60.5
62.5
66.0
66.5
67.5
71.0
72.5
75.5
78.0
80.5
83.5
85.0
85.5
88.0
90.0
91.0
93.5
96.5
93.0
94.5
96.5
96.5
101.5
103.5
106.0
108.0
116.0
113.0
113.0
108.0
111.0
111.0
116.5
123.5
128.5
129.5
125.0
124.0
128.5
132.5
128.5
125.0
128.0
124.5
123.0
Region: %d
 27
3.0
3.0
3.0
3.0
3.0
3.0
3.0
4.0
5.0
6.0
7.0
7.5
9.0
10.5
11.0
15.0
15.5
16.5
19.0
19.0
19.5
23.5
26.0
28.0
32.5
32.5
35.0
39.0
42.5
42.5
46.0
51.0
57.0
61.0
66.5
70.0
74.5
80.5
84.5
86.5
90.5
94.5
100.5
102.5
96.5
102.0
109.0
119.0
131.0
139.5
141.5
147.0
152.5
162.0
161.0
170.0
177.0
186.5
183.0
194.5
184.5
196.5
197.0
206.5
202.5
209.0
204.0
209.5
210.5
210.5
206.5
205.0
197.5
195.0
192.5
197.5
193.0
186.0
176.5
168.0
173.0
154.0
141.0
137.0
140.0
139.0
127.5
107.5
108.5
98.0
95.5
86.5
83.5
75.5
67.5
61.0
54.0
46.5
40.5
35.0
30.0
26.0
21.0
17.5
14.0
11.0
9.0
7.0
6.0
5.5
5.0
5.5
6.0
8.0
9.5
11.5
15.0
19.5
24.5
29.5
34.5
41.0
46.5
54.5
64.0
71.5
79.0
89.0
97.0
107.5
115.5
124.5
136.0
145.0
155.0
163.0
170.5
178.0
187.5
191.0
199.0
200.5
203.0
207.5
209.5
210.5
213.0
208.0
205.5
201.0
198.5
191.5
187.5
178.5
168.0
159.0
154.0
144.5
134.0
128.0
118.5
108.5
99.5
90.0
83.5
76.0
69.0
62.5
54.0
48.0
41.0
35.5
31.0
26.5
22.0
19.0
15.5
13.0
10.0
7.5
6.0
4.5
4.0
3.0
3.0
3.0
3.0
4.0
4.0
6.0
6.5
8.0
9.0
11.0
13.0
15.0
16.5
18.0
19.0
21.5
23.5
25.5
27.0
29.0
32.0
34.0
35.0
38.5
39.0
41.5
43.5
46.0
49.0
50.0
51.0
53.5
56.0
57.0
57.5
59.0
60.5
61.5
65.0
65.5
66.5
68.5
70.0
71.5
72.0
72.5
75.5
77.0
75.0
75.5
77.5
79.5
78.5
79.5
81.0
81.0
79.5
81.0
82.5
84.5
83.0
84.5
83.0
83.5
83.5
85.0
87.0
86.5
86.0
88.0
88.0
88.0
Region: %d
 28
3.0
3.0
3.0
3.0
3.0
3.0
4.0
4.0
5.0
6.0
7.0
8.0
9.0
11.0
12.0
15.0
16.5
19.5
20.5
21.0
23.5
27.5
30.5
33.5
37.5
40.5
41.5
45.5
49.0
52.5
56.5
61.5
65.5
69.0
74.0
78.5
84.0
88.5
93.5
99.0
103.5
108.0
113.5
119.0
125.5
128.0
136.0
138.0
146.5
147.5
157.5
159.0
165.0
169.0
174.0
176.0
181.5
187.0
190.0
194.5
197.0
200.5
202.0
202.5
205.0
203.5
202.5
202.5
202.0
200.5
202.0
197.5
195.0
193.0
190.0
185.5
184.5
177.0
174.5
167.5
158.0
154.0
148.0
140.5
134.5
128.0
121.5
114.5
107.0
101.0
95.0
86.0
78.5
72.5
66.5
60.0
53.5
48.0
40.5
36.5
31.5
15.5
3.0
3.0
2.5
3.0
3.0
3.0
3.0
3.0
3.0
3.0
3.0
3.0
3.0
3.0
3.0
3.0
3.0
3.0
2.5
3.0
3.0
3.0
3.0
3.0
3.0
3.0
2.5
3.0
2.5
3.0
3.0
3.0
3.0
2.5
3.0
3.0
3.0
3.0
3.0
3.0
3.0
3.0
3.0
3.0
2.5
3.0
2.5
2.5
3.0
3.0
3.0
3.0
3.0
3.0
3.0
3.0
3.0
2.5
3.0
3.0
3.0
3.0
2.5
3.0
3.0
3.0
3.0
3.0
3.0
3.0
3.0
2.5
3.0
2.5
3.0
2.5
3.0
3.0
3.0
3.0
3.0
3.0
3.0
3.0
3.0
3.0
3.0
3.0
2.0
2.5
2.5
3.0
3.0
2.5
3.0
2.5
3.0
3.0
3.0
2.5
3.0
3.0
2.5
3.0
3.0
3.0
3.0
3.0
3.0
2.5
3.0
3.0
3.0
3.0
3.0
3.0
3.0
3.0
3.0
2.5
2.5
2.0
2.0
2.5
2.0
2.0
2.0
2.0
2.5
2.0
2.0
2.0
2.0
2.0
2.0
2.0
2.0
2.0
2.0
2.0
2.0
2.5
2.0
2.5
2.0
2.0
2.0
2.0
2.0
2.0
2.0
2.5
2.0
2.5
Region: %d
 29
2.0
2.0
2.0
2.0
2.0
2.0
2.0
2.0
2.0
2.0
2.0
2.0
2.5
2.0
2.0
2.0
2.0
2.0
2.0
2.0
2.0
2.0
2.0
2.0
2.0
2.0
2.0
2.0
2.0
2.5
2.0
2.0
2.0
2.0
2.0
2.0
2.0
2.5
2.0
2.0
2.0
2.0
2.0
2.0
2.0
2.5
2.0
2.0
2.0
2.5
2.5
2.0
2.0
2.0
2.5
2.0
2.5
2.0
2.5
2.0
2.0
2.0
2.0
2.0
2.0
2.0
2.0
2.5
2.0
2.0
2.0
2.5
2.0
2.0
2.0
2.0
2.0
2.0
2.0
2.0
2.5
2.0
2.0
2.0
2.0
2.0
2.0
2.0
2.0
2.0
2.5
2.0
2.0
2.0
2.0
2.0
2.0
2.0
2.5
2.5
2.0
2.0
2.0
2.0
2.0
2.0
2.0
2.5
2.0
2.0
2.0
2.0
2.5
2.0
2.0
2.0
2.0
2.0
2.0
2.5
2.0
2.5
2.0
2.0
2.0
2.0
2.0
2.0
2.0
2.0
2.0
2.0
2.0
2.0
2.0
2.0
2.0
2.0
2.5
2.0
2.0
2.0
2.5
2.0
2.0
2.0
2.0
2.0
2.0
2.0
2.0
2.0
2.5
2.0
2.0
2.5
3.0
3.0
3.0
3.0
3.0
3.0
3.0
3.0
3.0
2.5
2.5
3.0
2.5
3.0
3.0
3.0
3.0
3.0
3.0
3.0
3.0
3.0
3.0
3.0
3.0
3.0
3.0
3.0
3.0
2.5
3.0
3.0
3.0
3.0
2.0
3.0
3.0
3.0
2.0
3.0
3.0
3.0
2.5
3.0
2.5
2.5
3.0
2.5
2.5
3.0
3.0
3.0
3.0
3.0
3.0
3.0
3.0
3.0
3.0
2.5
2.5
3.0
3.0
3.0
3.0
3.0
3.0
3.0
3.0
3.0
3.0
3.0
3.0
3.0
3.0
3.0
3.0
3.0
3.0
3.0
3.0
3.0
3.0
3.0
3.0
3.0
3.0
3.0
3.0
3.0
3.0
2.5
3.0
3.0
3.0
3.0
3.0
3.0
3.0
3.0
Region: %d
 30
3.0
3.0
3.0
3.0
3.5
4.5
5.0
6.0
6.5
7.0
8.5
9.0
10.5
12.0
13.5
16.5
19.0
20.0
23.0
23.0
25.0
28.5
31.5
33.5
36.0
39.5
44.5
46.0
48.5
51.0
55.5
58.5
64.0
67.5
69.5
73.0
75.0
80.5
81.5
88.5
91.5
97.0
98.0
101.0
104.5
108.0
110.5
116.0
116.5
121.5
123.5
128.0
128.0
130.0
132.5
132.5
139.5
136.0
135.5
142.0
138.0
140.0
137.5
138.5
144.0
137.5
139.0
136.5
136.0
139.0
133.0
135.5
131.0
Region: %d
 30
3.0
3.0
3.0
3.0
3.5
4.5
5.0
6.0
7.0
8.0
9.0
10.0
12.0
13.0
15.0
18.5
21.0
22.0
25.0
24.5
28.0
32.0
34.5
37.5
40.0
43.5
46.5
49.5
53.0
55.5
59.5
61.5
65.5
68.0
73.0
75.0
78.5
80.5
84.0
86.5
90.5
94.0
99.0
100.0
104.0
107.0
110.0
113.5
115.5
118.0
121.5
122.5
124.0
125.0
126.0
131.0
129.5
132.0
129.5
130.5
132.5
132.0
131.5
133.0
131.0
132.5
133.5
132.0
131.5
128.5
129.0
124.5
125.0
120.0
119.0
116.5
115.5
111.5
107.5
107.0
102.5
101.5
95.5
93.0
89.5
86.5
82.0
76.0
72.5
68.0
65.5
60.5
56.0
52.0
48.0
43.5
39.0
34.5
31.0
26.5
22.5
20.0
16.0
13.5
11.0
9.0
8.0
7.0
6.0
5.0
6.0
7.5
11.0
14.0
17.5
22.5
26.5
32.0
38.0
45.0
52.0
58.0
64.0
72.0
79.0
84.0
91.5
96.0
101.5
109.5
114.0
118.0
121.5
125.5
127.0
130.0
133.0
133.0
134.5
139.0
139.0
137.0
139.5
135.5
138.0
138.0
131.0
132.5
130.5
125.0
122.0
120.0
113.0
111.5
106.0
101.5
98.0
90.0
85.5
81.5
75.5
69.5
63.5
58.5
52.0
48.0
42.5
37.5
32.5
28.5
25.0
22.5
19.5
15.5
13.5
11.0
9.0
7.5
6.0
4.5
4.0
3.5
3.5
4.5
6.5
7.5
9.5
12.0
14.5
17.0
19.5
21.5
25.0
27.5
31.0
33.5
35.5
38.0
41.0
42.5
45.5
48.5
51.5
52.0
54.5
56.5
59.0
60.5
62.5
64.0
65.5
67.5
68.5
70.5
75.0
75.0
77.5
80.5
80.5
83.5
86.0
86.0
86.5
88.5
89.5
92.5
92.0
94.0
97.0
95.0
98.5
99.0
98.0
102.5
100.0
103.5
103.5
103.5
104.5
102.5
102.0
104.0
100.5
99.0
102.5
100.5
99.0
102.0
101.0
101.0
102.5
100.0
100.5
102.0
100.5
98.5
Region: %d
 35
17.5
3.0
3.0
3.0
3.0
3.0
3.0
4.0
5.0
6.0
7.0
8.0
10.0
10.5
12.5
16.0
17.5
19.0
21.5
21.5
23.0
28.0
32.5
34.0
37.0
40.5
44.0
47.0
52.0
54.5
57.0
61.5
67.5
71.5
75.0
81.0
81.5
88.5
96.0
96.5
104.0
110.5
114.0
121.0
128.0
129.0
140.5
141.5
148.5
153.5
159.5
164.5
173.5
174.0
182.0
188.0
195.5
193.0
199.5
206.0
205.0
205.5
213.0
210.5
213.5
220.5
214.0
213.5
212.5
213.5
206.0
206.5
206.5
202.0
199.0
193.5
186.5
184.5
179.5
174.5
168.0
161.0
153.0
148.5
136.5
131.5
126.0
116.0
110.5
102.0
95.0
87.5
80.5
73.0
65.5
60.5
54.5
47.0
41.0
35.0
30.0
25.5
21.5
17.0
13.5
11.0
8.5
7.0
5.5
5.0
5.5
6.0
7.5
10.0
12.0
15.0
20.0
24.5
31.0
39.0
43.0
50.5
60.0
66.5
77.5
87.5
94.0
109.0
116.5
128.0
139.5
149.5
155.0
173.0
182.0
189.5
196.0
206.0
211.0
222.0
222.0
229.0
233.0
230.5
229.0
231.5
230.0
226.5
226.0
220.5
213.0
210.5
204.5
195.0
185.5
173.5
164.5
156.0
147.5
137.5
129.5
119.5
109.0
101.0
94.0
84.0
76.5
68.0
60.0
54.5
47.0
40.0
35.5
30.0
25.0
21.0
16.5
14.0
11.0
8.5
7.0
5.0
4.0
3.0
3.0
3.0
3.0
4.0
4.5
6.5
7.5
9.5
11.5
14.0
15.0
18.0
20.5
23.0
25.0
27.0
29.0
32.5
35.0
38.0
40.5
43.0
45.0
49.0
50.0
53.0
54.5
58.0
59.0
63.5
64.0
68.0
70.5
71.0
71.5
74.5
78.0
76.5
82.0
83.5
79.5
86.5
86.0
89.5
87.0
89.0
90.5
91.5
93.0
96.5
98.0
96.5
98.0
97.5
96.5
99.5
103.5
100.5
104.0
103.0
103.0
101.0
106.0
102.5
103.5
105.0
106.0
102.5
106.5
107.5
106.5
109.0
Region: %d
 36
14.0
3.0
3.0
3.0
3.0
3.0
4.0
5.0
5.5
7.0
8.0
9.5
11.0
13.0
15.0
18.5
21.0
24.0
27.5
26.5
29.5
34.5
40.5
42.5
47.5
50.5
53.5
60.0
63.0
68.0
71.5
77.5
83.0
86.5
92.5
99.0
105.0
110.5
115.0
124.0
128.5
133.0
142.0
151.5
155.0
163.0
169.5
174.0
183.0
185.5
191.0
200.5
203.5
207.0
213.5
215.0
220.0
225.5
222.5
228.5
230.0
230.0
233.5
237.0
231.5
234.5
235.5
231.0
231.0
230.0
224.5
223.0
217.0
210.0
207.0
199.5
191.5
188.5
184.5
177.0
168.5
168.5
156.0
153.0
146.5
136.5
129.5
124.0
112.0
107.5
98.5
90.0
83.5
77.0
70.0
64.5
57.0
51.0
44.5
38.5
34.0
29.0
24.5
19.0
16.0
12.5
10.5
7.5
6.0
6.0
6.0
7.0
9.0
12.0
15.0
20.0
27.0
35.0
40.0
47.0
57.0
66.0
77.0
85.5
97.0
109.5
122.5
133.0
145.0
156.0
164.5
180.0
188.0
198.0
211.0
217.0
221.5
229.5
230.5
235.5
239.5
237.5
239.5
238.5
234.5
231.0
232.0
222.5
220.0
216.0
208.0
202.0
197.0
186.0
176.5
171.5
161.0
149.5
144.5
136.5
125.5
117.0
106.5
100.0
90.5
81.0
75.0
67.0
60.0
53.5
47.0
41.0
35.5
31.0
25.0
21.5
17.5
14.5
11.0
8.5
6.5
5.0
4.0
3.0
3.0
3.5
4.5
6.0
7.5
10.0
12.5
14.0
17.0
20.5
23.5
26.0
30.0
33.5
35.5
40.0
43.0
45.0
50.5
52.0
56.5
60.0
62.0
65.0
68.0
73.0
73.0
77.0
81.0
82.0
88.0
88.0
91.0
95.0
96.5
99.5
104.0
106.0
105.0
108.5
109.5
111.5
114.0
116.5
116.0
120.0
119.5
118.5
122.0
122.5
124.0
126.5
126.5
127.0
128.5
129.0
130.0
131.0
130.5
133.5
133.5
135.0
134.5
134.5
134.5
135.5
136.0
135.0
135.0
136.5
138.0
137.5
Region: %d
 37
49.0
3.0
3.0
3.0
3.0
4.0
5.0
5.0
7.0
8.0
9.0
11.0
13.0
14.0
16.0
21.0
23.5
26.5
29.5
30.0
33.0
39.5
44.5
48.5
53.5
58.5
63.5
68.0
72.0
78.5
84.5
89.0
97.5
101.5
108.0
117.0
122.5
129.5
137.0
140.5
145.5
157.5
162.0
167.5
177.5
176.5
186.5
193.5
196.0
201.0
208.0
210.5
217.0
220.5
222.5
230.5
232.5
232.5
238.0
239.0
238.0
242.5
239.5
238.0
243.0
240.0
239.0
239.5
237.0
233.5
235.0
229.5
225.0
224.5
220.0
214.5
211.5
203.5
198.0
194.0
185.0
180.5
173.5
166.0
159.0
153.5
146.5
138.0
130.0
121.5
115.0
107.0
96.0
91.5
83.0
74.0
66.5
60.0
52.5
46.0
39.0
33.0
27.0
22.5
18.0
14.5
11.0
8.0
7.0
7.0
7.0
8.0
10.0
13.5
18.0
23.5
30.0
39.0
46.5
56.0
68.0
79.5
90.5
106.0
119.0
131.5
146.0
160.0
171.5
187.0
198.0
208.0
222.0
231.0
236.5
247.0
253.0
255.0
255.0
255.0
255.0
255.0
255.0
255.0
255.0
255.0
255.0
255.0
252.0
246.0
241.0
235.5
228.0
219.5
207.5
201.0
191.0
178.0
167.5
160.0
148.5
138.0
129.0
117.5
107.5
97.5
87.5
78.5
71.0
61.5
54.0
46.5
38.0
33.0
27.5
22.5
17.5
14.0
9.5
7.5
5.0
3.5
3.0
3.0
4.0
5.5
7.5
9.5
11.5
15.0
18.0
21.5
25.0
28.5
32.5
37.0
41.5
46.0
49.5
54.0
60.0
63.0
67.5
73.0
76.5
82.0
85.5
89.0
94.0
97.5
101.5
106.0
111.5
113.0
119.0
120.5
124.5
128.5
131.5
132.5
137.5
141.5
143.0
148.5
148.5
151.5
156.5
157.0
158.0
163.0
163.0
166.0
168.5
170.0
170.0
173.5
176.5
175.0
178.0
182.0
180.5
182.5
182.5
181.5
186.5
183.5
185.0
184.5
184.5
186.5
185.5
185.5
187.0
188.5
186.5
186.0
Region: %d
 38
83.0
3.5
3.0
4.0
4.0
4.5
5.0
6.0
6.5
7.0
8.5
10.0
11.0
13.0
14.0
18.0
19.0
21.0
22.5
22.5
25.0
29.5
32.5
34.0
36.5
40.0
42.5
46.0
47.5
50.5
52.5
57.5
61.0
63.0
65.0
69.0
73.0
74.5
77.5
80.5
85.0
87.5
89.0
91.0
93.5
97.0
101.5
102.0
105.0
108.0
112.0
111.5
115.5
116.0
117.5
121.0
121.5
121.5
124.5
125.5
125.0
126.0
128.0
128.5
127.5
126.0
127.0
125.5
125.5
126.0
126.0
124.0
123.0
119.0
118.0
116.0
113.0
111.5
109.5
105.5
103.5
98.5
95.0
91.5
87.0
82.0
78.0
75.0
71.0
66.0
63.0
59.0
54.0
49.5
45.0
41.5
36.5
34.0
29.0
25.0
21.5
18.5
15.0
12.0
10.0
8.0
7.0
5.5
5.0
5.0
5.5
8.0
10.5
13.5
17.5
21.5
27.0
31.5
37.0
44.0
50.0
56.5
63.0
69.5
78.5
83.5
89.5
94.5
103.0
107.5
112.5
119.5
122.0
126.0
130.5
131.5
138.5
140.5
140.5
142.5
146.5
145.5
144.0
147.0
142.5
143.5
142.0
137.0
138.5
132.5
129.5
127.0
121.5
119.5
112.0
108.5
102.5
96.5
91.5
85.5
79.0
73.5
69.0
63.0
57.5
52.0
44.5
41.0
36.0
31.0
26.5
22.5
18.0
15.0
12.5
9.5
7.5
6.0
4.0
4.0
3.0
4.0
4.5
6.5
8.0
10.5
12.0
14.5
17.5
20.0
23.0
25.5
29.5
32.0
34.5
39.0
41.0
43.0
48.0
49.0
52.5
55.0
58.5
61.0
64.0
64.5
67.0
69.5
71.5
74.0
75.0
79.5
79.5
81.5
84.0
84.5
86.0
88.0
90.0
92.0
92.5
96.0
96.5
99.0
99.5
99.0
104.0
102.0
101.5
103.0
106.0
105.0
107.0
105.5
109.5
106.5
109.0
109.5
107.5
108.5
109.0
108.0
112.0
112.5
114.5
111.5
114.0
113.5
113.0
114.5
113.0
111.5
112.5
113.0
112.5
114.5
Region: %d
 39
25.0
3.0
3.0
3.0
3.0
3.5
3.5
4.0
4.5
4.0
5.0
5.0
5.0
5.0
5.5
6.0
7.0
7.0
7.5
7.0
8.0
8.5
9.0
9.5
10.0
11.0
11.0
12.0
12.0
12.5
12.5
14.0
14.0
14.5
15.0
15.5
16.0
16.5
17.5
18.0
18.5
19.0
19.0
19.5
20.0
20.5
21.0
21.5
22.0
22.5
22.0
23.0
23.0
24.0
24.0
24.5
25.0
25.5
24.5
25.0
26.0
26.0
26.0
25.5
26.0
25.5
26.0
26.0
26.0
25.5
26.0
25.5
25.0
25.0
25.0
24.5
24.0
23.5
23.0
22.5
22.0
21.0
21.0
20.0
20.0
19.0
18.0
17.0
16.5
15.5
14.5
14.0
13.0
12.0
11.5
10.0
9.0
8.5
7.5
7.0
6.0
5.0
5.0
4.0
4.0
3.0
3.0
3.5
3.0
4.0
4.0
4.5
5.0
6.0
7.0
7.5
9.0
9.5
11.0
11.5
12.5
13.0
14.5
15.5
16.5
18.0
19.0
19.5
20.0
22.0
22.5
22.5
24.0
25.0
25.5
26.0
26.0
27.5
27.5
27.5
27.5
28.5
27.5
27.5
27.5
28.0
27.0
27.0
26.5
25.5
26.0
25.0
24.0
23.5
22.0
21.0
20.0
18.0
18.0
17.0
16.0
15.0
13.5
12.5
11.5
10.0
9.0
8.0
7.5
6.5
6.0
4.5
4.0
4.0
3.0
3.5
3.0
3.0
3.0
3.0
3.0
3.5
4.0
4.5
5.0
5.0
6.0
6.5
6.5
7.0
8.0
8.0
9.0
9.5
10.0
11.0
11.5
11.5
12.0
12.0
13.0
13.0
14.0
13.5
14.5
14.5
15.0
15.5
15.5
16.5
16.0
16.5
17.0
17.5
18.0
17.5
18.0
18.0
18.5
19.5
19.0
19.0
19.0
20.0
19.0
20.5
19.5
20.0
20.0
20.0
20.5
20.5
21.0
21.0
21.0
21.0
21.0
21.5
21.5
21.0
21.5
21.0
22.0
22.0
22.0
21.0
21.0
22.5
22.5
21.5
21.5
22.0
22.0
21.5
21.5
22.0
Region: %d
 43
15.5
3.0
3.0
3.0
3.0
4.0
4.0
5.0
6.0
7.0
9.0
10.0
12.0
13.0
14.0
18.5
22.0
24.5
27.0
29.0
30.5
38.0
41.5
44.0
50.5
52.0
57.5
61.0
66.0
70.5
76.0
81.5
86.0
94.0
97.5
104.5
109.5
119.5
121.0
128.0
135.5
143.5
149.5
153.5
161.5
170.5
178.5
185.0
187.5
194.0
194.0
202.5
209.0
211.0
216.0
224.5
223.5
228.0
232.0
231.5
236.5
237.0
242.0
236.0
241.5
235.0
235.0
237.5
229.0
234.5
226.0
224.5
223.0
219.0
215.5
207.0
207.5
199.5
193.0
189.5
178.5
172.5
166.0
159.0
157.0
146.0
142.5
132.5
122.0
116.0
106.5
103.0
92.0
83.0
76.0
69.0
61.5
55.0
47.0
42.5
35.5
30.0
26.0
21.5
18.0
14.0
10.5
8.5
7.0
6.0
6.0
6.5
9.5
12.5
17.0
21.0
26.5
36.0
43.0
53.0
61.5
69.5
82.0
93.5
106.5
121.5
131.0
142.5
158.5
168.0
183.0
194.5
202.0
220.0
224.5
235.0
241.0
248.5
250.5
252.5
254.5
255.0
255.0
255.0
254.0
252.0
253.5
248.0
238.5
239.5
229.0
216.5
218.5
202.5
196.0
182.0
175.5
161.5
158.0
147.0
136.0
125.0
116.0
106.0
97.5
87.5
79.0
72.0
61.0
56.0
48.0
40.5
36.0
30.0
24.5
21.5
17.5
14.0
10.5
8.5
6.0
4.5
3.0
3.0
3.0
4.0
5.0
7.5
9.5
11.5
14.5
16.5
20.0
23.5
26.5
31.0
33.5
38.0
40.5
46.0
48.5
51.5
58.0
60.5
64.5
69.5
71.0
77.0
78.5
81.0
86.0
89.0
92.0
94.5
101.5
101.5
105.0
111.0
111.5
114.5
114.5
117.5
121.5
123.5
125.0
130.0
133.0
134.0
131.0
136.5
137.0
139.5
142.0
139.5
142.5
144.0
144.0
145.5
146.0
147.5
149.0
147.5
148.0
150.5
150.5
149.5
149.5
154.0
150.0
149.0
152.0
150.0
152.5
154.5
154.0
153.0
Region: %d
 44
111.0
3.5
3.0
3.5
3.5
4.0
5.0
6.0
7.5
9.5
10.0
12.5
14.0
17.0
19.5
25.0
28.0
31.5
36.0
35.0
39.0
49.0
52.5
57.0
63.0
65.5
74.0
80.5
83.5
90.0
97.0
102.0
110.0
116.0
121.0
129.5
138.0
143.0
152.0
161.5
164.5
171.0
180.0
184.5
197.0
201.0
205.5
213.0
221.0
225.5
234.5
236.0
237.5
247.0
246.5
248.0
253.5
252.5
255.0
255.0
255.0
255.0
255.0
255.0
255.0
255.0
255.0
255.0
255.0
255.0
253.5
252.0
252.5
244.5
242.0
237.5
228.0
226.5
221.0
210.0
200.0
193.5
183.5
174.5
174.0
161.0
151.0
144.5
134.5
127.5
119.0
108.5
99.5
93.0
82.5
76.5
68.5
60.5
53.0
45.5
39.5
33.5
28.5
22.5
19.0
15.0
11.0
8.5
7.0
6.0
6.0
8.0
11.0
15.5
20.5
27.5
35.5
46.0
55.5
64.0
78.0
93.0
104.0
122.0
137.0
151.5
165.5
184.5
197.5
207.5
221.5
234.0
241.0
252.5
255.0
255.0
255.0
255.0
255.0
255.0
255.0
255.0
255.0
255.0
255.0
255.0
255.0
255.0
255.0
255.0
252.0
249.0
240.0
227.0
220.0
206.5
193.5
186.0
174.0
162.5
149.5
140.5
131.5
118.0
109.0
98.0
86.5
78.5
70.0
61.0
52.5
45.5
38.0
33.0
27.0
22.0
17.5
14.0
10.0
7.5
5.0
4.0
3.5
3.5
4.0
6.0
8.0
11.0
14.0
18.0
21.5
26.5
30.5
35.5
40.0
45.5
50.0
55.0
60.5
65.5
71.0
76.5
80.0
85.0
90.5
97.5
101.0
106.0
112.5
115.5
118.5
124.0
129.0
131.0
137.0
142.5
145.0
146.0
153.0
154.0
158.5
162.0
165.5
167.5
173.0
174.0
173.0
175.5
181.0
181.5
187.5
188.5
187.5
192.5
192.0
192.0
194.0
194.5
196.5
194.5
198.5
198.5
198.5
200.5
201.5
201.5
201.5
205.0
203.0
203.0
203.0
204.0
200.5
202.5
204.0
202.5
Region: %d
 43
108.5
3.0
3.0
3.0
3.0
3.5
4.0
5.5
6.0
7.0
8.5
10.0
12.0
14.0
15.0
20.0
22.0
25.0
28.0
28.0
31.0
36.5
41.5
45.0
49.0
51.5
58.0
62.5
67.5
71.5
77.0
81.0
87.0
89.5
97.5
105.0
109.5
114.5
123.0
128.5
136.0
140.0
147.5
153.0
157.0
164.0
170.0
177.0
178.5
185.0
192.5
194.5
200.5
211.5
212.0
215.5
223.5
222.5
224.5
228.0
230.0
237.0
233.0
234.0
237.0
233.0
232.0
235.0
233.5
224.5
230.0
223.5
223.5
223.5
214.0
206.0
205.0
203.5
192.0
190.0
179.5
177.5
171.5
159.0
154.0
146.0
138.0
133.0
123.5
116.5
108.0
100.0
91.0
84.5
75.0
68.0
62.5
54.0
47.0
41.0
36.5
30.0
25.0
21.5
17.5
14.0
11.0
8.0
6.5
6.0
6.0
6.5
9.5
12.5
16.0
20.5
28.0
35.0
44.0
52.0
61.0
70.0
83.0
95.5
107.5
116.5
130.5
143.0
157.5
169.5
183.5
194.5
208.5
211.0
227.0
234.0
240.5
246.0
254.0
252.0
253.5
255.0
255.0
255.0
254.5
251.0
253.5
248.0
239.5
231.5
228.5
222.5
217.0
201.5
195.5
185.5
174.5
162.5
155.5
146.0
135.5
125.0
115.0
104.5
94.0
86.0
77.0
69.5
61.5
55.0
48.5
41.5
34.5
29.5
24.0
21.0
17.0
13.0
10.0
7.5
5.5
4.5
3.0
3.5
3.0
4.0
5.5
7.0
9.5
11.5
14.5
16.5
20.0
24.0
27.0
31.0
34.5
38.5
41.5
45.5
49.5
52.5
56.0
59.5
66.0
67.0
73.0
77.0
78.5
83.0
85.5
90.0
92.5
96.0
100.0
103.0
106.0
106.5
112.5
115.0
117.0
123.5
121.0
122.5
125.0
128.0
133.0
134.0
134.5
133.5
138.5
142.0
139.0
141.5
143.5
142.0
147.0
148.0
147.0
147.0
147.5
146.5
150.5
151.5
152.0
153.0
150.5
153.0
153.0
153.0
154.0
154.5
154.5
151.5
154.5
156.0
Region: %d
 44
17.5
3.0
3.0
3.0
3.5
4.0
5.0
6.0
7.0
9.0
10.5
12.5
14.5
17.0
19.0
24.5
27.0
32.5
36.0
36.0
38.5
47.5
52.5
56.5
62.5
67.0
71.0
75.5
82.0
90.0
95.5
99.5
107.5
111.5
118.0
127.0
132.0
143.0
147.0
153.5
161.0
169.5
178.0
184.0
189.0
197.0
202.0
208.0
215.5
222.0
223.0
230.0
236.5
240.0
242.0
249.5
252.0
249.0
254.0
255.0
255.0
255.0
255.0
255.0
255.0
255.0
255.0
253.5
253.0
254.5
252.0
246.5
240.0
239.5
235.5
228.0
218.0
221.0
210.0
201.5
198.0
189.5
180.0
170.5
164.5
157.5
147.5
139.5
130.5
121.0
117.0
111.0
97.0
91.5
83.5
76.5
68.0
61.5
52.0
46.0
40.5
34.0
27.5
22.5
18.0
15.0
11.5
8.5
7.0
6.0
6.0
8.5
11.0
15.5
21.0
26.5
36.0
46.5
54.0
64.0
77.5
90.0
101.5
116.5
130.5
144.5
161.0
175.0
187.0
201.5
216.5
226.0
241.0
246.0
255.0
255.0
255.0
255.0
255.0
255.0
255.0
255.0
255.0
255.0
255.0
255.0
255.0
255.0
255.0
254.0
251.0
242.5
232.5
220.0
210.5
202.5
190.0
181.5
174.0
157.0
146.5
139.5
126.0
113.5
105.0
96.0
85.0
74.5
69.0
59.5
51.0
44.5
39.0
31.5
25.0
21.5
16.5
13.5
9.5
8.0
5.0
4.0
4.0
3.0
4.0
6.0
8.0
11.0
14.0
18.0
21.0
25.5
29.5
35.0
39.5
43.5
50.5
54.0
60.5
63.0
68.0
74.5
79.5
83.5
89.0
94.0
97.5
104.0
107.0
110.0
118.0
120.5
124.5
131.0
133.0
136.0
141.5
143.5
146.0
151.0
155.0
157.5
158.5
164.5
166.5
168.5
171.5
174.0
176.0
176.5
181.5
184.5
184.5
187.0
185.5
185.0
190.5
192.0
191.5
194.0
195.5
193.5
194.0
198.5
196.5
198.0
200.5
199.5
197.0
200.5
199.5
196.5
200.5
198.5
197.5
198.5
Region: %d
 45
41.0
3.0
3.0
3.0
3.0
4.0
5.0
6.0
7.0
8.5
10.5
12.5
14.5
18.0
20.5
26.5
29.5
33.5
37.5
37.0
42.0
51.5
57.5
62.5
67.0
74.0
79.5
85.0
92.5
101.0
104.5
113.0
121.0
128.5
135.0
145.5
153.0
158.5
166.5
175.5
181.5
186.0
198.0
203.5
211.0
216.0
224.5
232.0
237.5
244.0
248.5
254.0
255.0
255.0
255.0
255.0
255.0
255.0
255.0
255.0
255.0
255.0
255.0
255.0
255.0
255.0
255.0
255.0
255.0
255.0
255.0
255.0
255.0
255.0
255.0
255.0
255.0
252.5
244.0
238.0
233.5
225.0
216.5
211.0
202.0
195.0
184.5
177.5
165.0
157.5
146.5
136.5
127.5
117.5
107.0
96.5
86.5
77.5
69.0
59.5
52.0
42.0
36.0
29.0
22.0
17.0
13.0
9.5
7.5
7.0
7.0
9.0
13.0
18.0
24.5
32.0
41.0
51.0
62.5
74.5
89.5
103.0
117.5
132.0
149.0
166.5
183.5
194.5
212.5
225.0
236.5
250.5
255.0
255.0
255.0
255.0
255.0
255.0
255.0
255.0
255.0
255.0
255.0
255.0
255.0
255.0
255.0
255.0
255.0
255.0
255.0
255.0
255.0
255.0
248.0
236.0
227.5
215.0
202.0
193.5
179.5
166.0
154.5
141.0
129.5
117.0
104.5
94.5
81.0
72.0
62.0
54.0
45.0
36.5
30.0
23.5
17.0
12.5
9.0
6.5
4.0
3.5
3.0
4.0
5.5
7.5
11.0
13.5
18.0
23.0
28.0
32.5
37.5
43.0
48.5
55.0
59.5
65.5
71.5
77.5
82.5
91.0
97.5
100.0
105.0
111.5
115.0
120.5
126.5
132.0
135.5
142.0
144.0
148.0
152.0
157.5
158.5
166.5
171.0
172.5
176.0
180.0
182.0
185.0
190.5
191.0
193.5
196.5
199.0
196.5
204.0
207.0
205.0
207.5
211.5
211.5
211.5
215.0
216.0
214.0
220.0
220.0
221.5
217.5
221.5
225.0
222.0
223.5
225.0
222.5
222.5
222.0
224.5
220.0
220.0
222.5
Region: %d
 46
129.0
3.5
3.5
4.0
3.5
4.0
4.0
5.0
5.0
7.0
7.5
8.0
9.5
10.0
11.5
15.0
17.0
18.5
20.0
20.0
21.5
25.0
27.5
30.0
31.5
33.5
36.5
38.5
42.5
44.5
46.0
49.0
52.5
55.5
57.0
60.5
64.0
65.5
67.5
70.5
73.5
77.5
79.5
82.0
84.0
86.0
86.5
90.5
93.0
93.5
96.5
101.0
101.5
102.5
108.5
107.0
108.5
111.5
115.0
113.5
114.0
116.0
115.5
117.0
119.0
119.5
118.0
118.0
118.5
117.5
117.5
117.5
115.0
116.0
114.5
113.5
108.5
109.0
106.5
104.0
102.0
99.5
96.5
92.0
90.0
85.5
80.0
79.0
73.5
68.5
64.5
60.0
56.0
51.0
46.5
41.0
37.5
33.0
28.5
24.5
21.0
17.0
14.0
11.5
9.0
6.5
5.0
4.0
4.0
4.0
5.0
7.0
9.0
12.0
14.5
19.0
22.5
27.0
32.5
37.5
42.5
48.0
53.0
59.0
64.5
71.0
76.5
81.0
85.0
92.0
96.5
100.5
105.0
110.0
111.5
116.5
120.0
118.5
122.0
125.5
127.5
127.5
130.5
131.5
126.5
128.5
128.0
124.5
124.5
122.5
118.0
115.0
110.0
108.5
103.0
100.0
96.5
88.5
84.5
80.5
74.5
68.0
62.0
56.5
52.0
46.0
39.5
36.0
30.5
27.0
22.5
18.5
15.5
12.0
10.0
7.5
5.5
4.0
3.0
3.0
3.5
4.0
4.0
5.0
6.5
8.0
10.5
11.5
13.5
16.5
19.0
21.0
24.0
25.5
28.0
30.0
33.0
35.0
38.0
40.0
42.0
44.0
46.0
48.5
50.5
51.5
54.0
54.5
57.0
60.0
61.5
62.0
64.0
67.0
67.0
66.5
70.0
71.0
72.5
73.5
75.0
76.0
76.5
79.5
81.5
80.5
81.5
83.0
83.5
84.5
86.5
86.0
85.5
86.5
87.0
87.0
88.0
87.0
88.0
88.5
89.0
86.5
90.0
88.0
90.0
91.0
90.5
90.5
91.0
92.0
92.5
93.0
92.0
90.5
91.0
90.5
Region: %d
 47
12.0
3.0
3.0
3.0
3.0
3.0
3.0
3.0
3.0
3.0
3.0
3.0
3.0
3.0
3.0
4.0
4.0
4.0
3.5
4.0
4.0
4.0
4.0
4.5
4.0
4.5
4.5
4.5
5.0
5.0
5.0
5.0
5.0
5.5
6.0
6.0
6.0
6.0
6.0
6.0
6.5
7.0
7.0
6.5
6.5
7.0
7.0
7.0
7.0
7.0
7.0
7.0
7.5
8.0
7.5
8.0
8.0
8.0
8.0
8.0
8.0
8.5
8.0
8.0
8.0
8.0
8.0
8.0
8.0
8.0
8.0
8.0
8.0
8.0
8.0
7.5
8.0
8.0
7.5
7.0
7.0
7.0
7.0
7.0
6.5
6.5
6.0
6.0
6.0
6.0
6.0
5.5
6.0
5.0
5.0
4.5
4.5
4.5
4.0
4.0
4.0
4.0
4.0
4.0
3.0
3.0
3.0
3.0
3.0
3.0
3.0
3.0
3.5
3.5
4.0
4.0
4.0
4.5
4.5
5.0
5.0
5.0
5.5
6.0
6.0
6.5
6.5
7.0
7.0
7.0
7.0
7.5
8.0
8.0
8.0
8.0
8.5
8.5
8.5
8.0
9.0
8.5
8.5
9.0
8.5
9.0
8.0
8.5
8.0
8.0
8.0
8.5
8.0
7.5
7.0
7.0
7.5
6.5
6.5
6.0
6.0
6.0
5.0
6.0
5.0
4.5
4.5
4.0
4.0
4.0
4.0
3.0
3.5
3.0
3.0
3.0
3.0
3.0
3.0
3.0
3.0
3.0
3.0
3.0
3.0
3.5
3.5
4.0
3.5
4.0
4.0
4.0
4.0
4.0
4.0
5.0
5.0
5.0
5.0
5.0
5.0
5.5
5.0
5.0
5.5
6.0
5.0
6.0
6.0
6.0
6.5
6.0
6.0
6.0
6.0
6.0
6.0
6.0
6.5
6.5
6.5
7.0
7.0
7.0
7.0
7.0
6.5
7.0
7.0
7.0
7.0
7.0
7.0
7.0
7.0
7.0
7.5
7.0
7.0
7.0
7.0
7.0
7.0
7.0
7.0
7.5
7.0
7.0
7.0
7.0
7.0
7.0
7.0
7.0
7.0
7.5
Region: %d
 50
4.0
4.0
3.0
3.5
4.0
3.5
4.0
5.0
6.0
7.0
8.0
10.0
11.0
13.0
14.5
18.5
21.5
24.0
27.5
26.5
30.5
35.5
39.0
41.5
45.0
48.5
54.5
58.0
61.0
65.0
71.5
75.5
78.5
84.0
89.0
92.0
96.0
102.0
105.5
109.5
115.5
120.5
125.0
128.0
133.5
140.0
141.5
146.0
151.0
154.0
159.0
160.0
162.0
167.0
170.0
173.0
173.5
177.5
181.5
181.0
182.5
185.5
189.0
187.0
189.0
190.5
187.5
188.0
190.5
187.0
183.5
183.5
184.5
180.0
180.0
177.0
174.5
168.5
167.5
163.5
156.0
152.0
149.0
141.5
135.0
131.0
125.5
117.0
111.0
106.0
98.0
90.5
83.0
78.0
70.0
64.0
57.0
50.5
43.5
38.0
31.5
26.0
22.0
16.5
12.5
10.0
8.0
6.0
6.0
6.0
7.5
9.5
12.5
17.0
21.0
25.5
32.5
39.5
46.5
55.0
63.0
72.5
81.0
90.5
100.0
110.0
121.0
127.5
135.0
143.5
155.5
161.0
168.5
174.0
179.5
182.0
190.0
195.0
196.5
197.5
204.0
202.0
204.0
203.5
202.5
199.5
200.5
197.0
192.0
188.5
185.5
179.0
174.0
166.5
159.5
150.0
142.0
135.5
130.5
119.5
109.5
101.5
94.5
84.0
76.0
69.0
60.0
52.0
46.0
40.0
33.5
27.5
22.5
18.5
14.0
11.0
7.5
6.0
4.5
4.0
4.0
4.0
5.0
6.0
8.5
10.0
12.0
15.0
17.0
20.5
23.5
27.0
32.0
35.0
37.0
42.5
46.5
48.5
51.5
56.0
60.5
63.5
66.5
70.5
74.0
75.5
78.0
81.5
84.5
87.0
87.5
91.0
95.5
97.5
98.0
101.5
106.0
106.5
108.5
111.5
111.0
113.0
118.5
116.5
119.5
122.5
125.0
123.0
123.5
129.0
128.0
125.0
128.5
129.5
129.5
131.5
131.0
129.5
133.0
135.5
131.5
132.0
138.5
136.5
133.5
132.5
135.5
137.0
136.0
135.0
136.5
135.0
131.5
135.0
134.5
133.5
Region: %d
 51
9.0
3.0
3.0
3.0
4.0
3.5
4.0
5.0
6.0
7.0
8.5
10.0
12.0
14.0
15.5
20.5
23.0
25.5
29.0
29.0
31.5
38.0
43.0
45.0
49.0
53.5
58.5
61.5
67.5
70.5
75.5
80.5
87.5
90.5
96.0
101.0
104.5
109.5
116.5
121.5
125.5
129.5
136.0
142.0
145.5
152.5
158.0
163.0
166.0
169.5
171.5
179.5
182.5
182.0
188.5
190.5
192.5
196.0
196.5
198.0
205.5
205.5
203.0
203.5
206.0
201.5
203.0
200.5
203.0
202.5
198.5
195.5
197.0
195.0
190.5
187.0
180.0
175.5
174.0
169.0
166.0
162.0
156.5
148.5
144.0
138.5
130.0
124.5
117.0
109.5
101.5
98.5
90.0
82.5
75.5
68.0
61.0
54.0
48.0
40.5
34.0
29.5
24.0
19.5
15.5
12.5
9.0
7.0
6.0
6.0
6.5
8.5
12.0
17.0
21.0
26.0
33.5
42.5
52.0
60.0
70.0
79.5
89.0
100.5
112.5
124.0
132.0
143.0
155.0
165.0
172.0
181.5
192.0
196.0
203.5
210.5
212.5
217.0
220.0
219.5
220.0
223.0
225.0
221.5
221.5
222.0
214.5
211.5
209.0
204.5
199.0
194.0
188.0
178.5
170.0
164.0
158.0
148.5
137.5
134.0
124.5
113.5
103.0
98.0
86.5
76.5
69.0
62.0
53.0
46.5
39.5
33.5
27.5
23.0
17.5
14.0
10.5
8.0
5.5
4.0
3.0
3.0
3.0
4.0
6.5
8.0
10.5
13.5
16.0
21.0
23.5
27.5
31.5
35.0
38.0
43.5
47.5
52.0
54.0
60.0
62.5
67.0
72.5
75.0
78.0
82.0
86.5
88.5
92.5
96.5
99.0
102.0
104.5
106.5
109.0
111.5
116.5
117.0
121.0
125.5
126.0
129.0
131.0
132.0
133.5
134.0
138.0
138.5
139.0
143.0
143.0
145.0
146.0
149.0
147.0
149.0
149.5
148.0
149.0
150.5
150.0
149.5
150.0
153.5
151.5
151.0
153.5
149.5
150.5
154.5
151.5
152.5
153.5
152.5
151.5
152.5
Region: %d
 52
33.0
4.0
4.0
3.0
4.0
4.0
4.5
6.0
6.0
8.0
9.5
11.0
13.0
16.0
18.0
22.0
27.5
29.5
32.5
34.0
37.0
46.0
49.0
54.0
58.5
59.5
66.0
70.0
75.5
82.5
85.0
90.5
97.5
102.0
109.0
118.5
124.5
129.0
133.0
139.5
144.0
152.5
158.5
162.0
167.0
173.0
181.0
186.0
190.0
197.0
199.0
204.0
205.0
212.0
215.5
222.0
223.5
225.0
228.0
229.0
229.5
233.0
232.5
235.0
235.5
234.5
235.0
238.0
237.5
234.5
229.5
228.0
226.5
224.0
217.5
218.5
214.0
212.5
206.0
203.5
193.5
193.0
186.5
175.5
171.0
164.0
155.0
146.5
137.0
129.5
121.5
113.5
103.5
97.5
87.5
80.5
71.0
63.0
55.0
46.5
41.5
34.5
27.0
21.0
16.5
13.5
10.0
7.5
7.0
6.0
7.0
9.0
12.0
17.0
20.5
27.0
36.5
45.0
52.0
62.5
75.0
84.5
97.5
111.5
122.0
133.5
147.0
157.0
169.5
180.5
190.5
202.5
210.5
216.0
226.0
231.5
235.0
241.5
248.5
245.5
247.5
251.5
249.0
252.0
251.0
251.5
249.0
248.0
241.5
237.5
234.0
228.5
220.5
215.0
208.0
200.0
190.5
181.0
170.5
162.5
147.5
137.0
127.5
117.5
105.5
96.5
85.0
78.5
66.5
58.0
50.0
42.0
34.0
28.0
21.5
17.0
13.5
9.5
7.0
5.0
4.0
4.0
4.0
4.0
6.0
8.5
10.5
14.0
17.0
21.0
25.5
29.5
34.0
39.0
42.0
46.5
49.5
56.0
60.0
64.5
71.0
73.0
78.5
82.5
89.0
95.0
95.0
101.5
102.5
107.5
110.5
112.0
116.0
120.0
124.0
127.5
132.0
132.5
134.0
136.0
142.5
146.0
147.5
151.5
153.0
151.0
155.0
157.0
159.5
157.5
161.0
165.5
164.5
167.0
167.0
169.0
171.0
170.5
169.5
170.5
171.5
171.0
174.0
176.5
177.5
175.5
177.5
178.5
173.0
173.5
173.0
178.0
177.0
178.0
175.0
176.0
Region: %d
 53
25.5
3.5
3.0
3.5
3.0
4.0
4.5
6.0
6.5
8.0
9.5
11.5
13.0
15.5
18.5
24.0
27.0
30.5
34.0
33.0
36.0
44.0
47.0
52.0
56.5
60.5
67.5
71.0
78.0
81.5
88.5
93.5
97.5
102.5
108.0
108.5
118.0
123.0
128.5
129.0
134.0
143.5
146.0
151.5
158.5
160.0
167.0
171.0
174.5
186.5
186.0
190.0
194.0
194.0
195.0
194.0
196.0
201.0
200.0
207.5
211.5
210.5
210.5
214.5
218.5
210.0
214.0
212.0
211.5
208.5
208.0
206.5
207.5
202.0
203.5
198.5
198.5
192.0
185.5
181.5
180.0
173.5
172.0
167.5
161.0
152.5
150.0
141.5
132.0
125.0
118.0
110.5
102.5
96.5
87.5
82.0
72.0
65.0
57.5
49.5
42.0
35.5
29.0
23.5
18.0
15.0
12.0
9.0
8.0
7.0
8.0
10.5
14.0
17.5
22.5
28.5
35.5
45.0
53.0
63.5
74.0
82.0
93.0
103.5
116.0
126.0
137.5
150.0
159.5
172.5
183.0
189.5
197.0
203.5
216.0
218.5
222.5
226.5
231.5
233.0
236.0
241.5
236.0
236.5
240.0
237.0
233.0
232.5
229.0
221.0
217.0
213.5
201.5
202.5
193.0
186.5
179.0
172.5
163.5
153.5
142.5
132.0
123.5
111.5
105.5
94.5
84.5
74.0
65.5
56.5
48.0
41.0
35.5
29.0
23.0
18.5
13.0
11.0
7.5
5.5
4.5
4.0
4.0
5.0
6.5
8.5
10.5
14.0
17.5
21.5
25.0
28.0
33.5
38.0
41.5
45.5
50.0
54.0
57.5
62.5
66.5
71.0
74.0
78.5
83.5
88.0
89.0
92.5
95.5
101.0
103.5
104.0
109.0
111.0
114.5
119.5
121.5
125.0
126.0
128.0
129.5
135.0
134.5
138.0
140.0
139.5
144.5
146.0
144.0
147.5
150.5
148.5
149.0
154.5
154.0
153.5
154.0
157.0
155.0
158.0
158.5
158.0
159.0
159.0
162.5
164.0
162.0
161.5
163.0
161.5
161.5
163.0
163.0
164.5
161.5
162.0
Region: %d
 55
35.0
3.0
3.0
3.0
3.0
3.0
3.0
3.0
3.0
3.0
3.0
3.0
3.0
3.0
3.0
3.0
3.0
3.0
3.0
3.0
3.0
3.0
3.0
3.0
3.0
3.0
3.0
3.0
3.0
3.0
3.0
3.0
3.0
3.0
3.0
3.0
3.0
3.0
3.0
3.0
3.0
3.0
3.0
3.0
3.0
3.0
3.0
3.0
3.0
3.0
3.0
3.0
3.0
3.0
3.0
3.0
3.0
3.0
3.0
3.0
3.0
3.0
3.0
3.0
3.0
3.0
3.0
3.0
3.0
3.0
3.0
3.0
3.0
3.0
3.0
3.0
3.0
3.0
3.0
3.0
3.0
3.0
3.0
3.0
3.0
3.0
3.0
3.0
3.0
3.0
3.0
3.0
3.0
3.0
3.0
3.0
3.0
3.0
3.0
3.0
3.0
3.0
3.5
3.5
3.5
3.0
3.0
3.0
3.0
3.0
3.0
3.0
3.0
3.0
3.0
3.0
3.0
3.0
3.0
3.0
3.0
3.0
3.0
3.0
3.0
3.0
3.0
3.0
3.0
3.0
3.0
3.0
3.0
3.0
3.0
3.0
3.0
3.0
3.0
3.0
3.0
3.0
3.0
3.0
3.0
3.0
3.0
3.0
3.0
3.0
3.0
3.0
3.0
3.0
3.0
3.0
3.0
3.0
3.0
3.0
3.0
3.0
3.0
3.0
3.0
3.0
3.0
3.0
3.0
3.0
3.0
3.0
3.0
3.0
3.0
3.0
3.0
3.0
3.0
3.0
3.0
3.0
3.0
3.0
3.0
3.0
3.0
3.0
3.0
3.0
3.0
3.0
3.0
3.0
3.0
3.0
3.0
3.0
3.0
3.0
3.0
3.0
3.0
3.0
3.0
3.0
3.0
3.0
3.0
3.0
3.0
3.0
3.0
3.0
3.0
3.0
3.0
3.0
3.0
3.0
3.0
3.0
3.0
3.0
3.0
3.0
3.0
3.0
3.0
3.0
3.0
3.0
3.0
3.0
3.0
3.0
3.5
3.0
3.0
3.0
3.0
3.0
3.0
3.0
3.0
3.0
3.0
3.0
3.0
3.0
3.0
3.0
3.0
3.0
3.0
3.0
Region: %d
 56
3.0
3.0
3.0
3.0
3.0
3.0
3.0
3.0
3.0
3.0
3.0
3.0
3.0
3.0
3.0
3.0
3.0
3.0
3.0
3.0
3.0
3.0
3.0
3.0
3.0
3.0
3.0
3.0
3.0
3.0
3.0
3.0
3.0
3.0
3.0
3.0
3.0
3.0
3.0
3.0
3.0
3.0
3.0
3.0
3.0
3.0
3.0
3.0
3.0
3.0
3.0
3.0
3.0
3.0
3.0
3.0
3.0
3.0
3.0
3.0
3.0
3.0
3.0
3.0
3.0
3.0
3.0
3.0
3.0
3.0
3.0
3.0
3.0
3.0
3.0
3.0
3.0
3.0
3.0
3.0
3.0
3.0
3.0
3.0
3.0
3.0
3.0
3.0
3.0
3.0
3.0
3.0
3.0
3.0
3.0
3.0
3.0
3.0
3.0
3.0
3.0
3.0
3.0
3.0
3.0
3.0
3.0
3.0
3.0
3.0
3.0
3.0
3.0
3.0
3.0
3.0
3.0
3.0
3.0
3.0
3.0
3.0
3.0
3.0
3.0
3.0
3.0
3.0
3.0
3.0
3.0
3.0
3.0
3.0
3.0
3.0
3.0
3.0
3.0
3.0
3.0
3.0
3.0
3.0
3.0
3.0
3.0
3.0
3.0
3.0
3.0
3.0
3.0
3.0
3.0
3.0
3.0
3.0
3.0
3.0
3.0
3.0
3.0
3.0
3.0
3.0
3.0
3.0
3.0
3.0
3.0
3.0
3.0
3.0
3.0
3.0
3.0
3.0
3.0
3.0
3.0
3.0
3.0
3.0
3.0
3.0
3.0
3.0
3.0
3.0
3.0
3.0
3.0
3.0
3.0
3.0
3.0
3.0
3.0
3.0
3.0
3.0
3.0
3.0
3.0
3.0
3.0
3.0
3.0
3.0
3.0
3.0
3.0
3.0
3.5
3.0
3.0
3.0
3.0
3.0
3.0
3.0
3.0
3.0
3.0
3.0
3.0
3.0
3.0
3.0
3.0
3.0
3.0
3.0
3.0
3.0
3.0
3.0
3.0
3.0
3.0
3.0
3.0
3.0
3.0
3.0
3.0
3.0
3.0
3.0
3.0
3.0
3.0
3.0
3.0
3.0
Region: %d
 57
3.0
3.0
3.0
3.0
3.0
3.0
3.0
3.0
3.0
3.0
3.0
3.0
3.0
3.0
3.0
3.0
3.0
3.0
3.0
3.0
3.0
3.0
3.0
3.0
3.5
3.5
4.0
4.0
4.0
4.0
4.0
4.5
5.0
5.0
5.0
5.0
5.0
6.0
5.5
6.0
6.0
6.0
6.0
6.5
7.0
7.0
7.0
7.0
7.0
7.0
8.0
8.0
8.0
8.0
8.0
8.5
8.5
8.0
9.0
9.0
9.0
9.0
9.0
9.5
9.0
9.0
10.0
10.0
10.0
9.5
10.0
10.0
10.0
10.0
10.0
10.0
10.0
9.0
9.0
9.0
9.0
8.5
8.5
9.0
8.5
8.0
8.0
7.5
7.0
7.0
6.0
6.0
6.0
5.5
5.0
5.0
4.5
4.0
4.0
3.0
3.0
3.0
3.0
3.0
3.0
3.0
3.0
3.0
3.0
3.0
3.0
3.0
3.0
3.0
3.0
3.0
3.0
3.5
4.0
4.0
5.0
4.5
5.5
5.0
6.0
6.0
6.5
7.0
7.0
7.0
8.0
8.0
8.5
8.5
9.0
9.0
9.5
9.5
10.0
10.0
10.5
10.0
10.5
10.5
11.0
10.0
10.5
10.5
10.0
10.0
10.0
10.0
10.0
9.0
9.0
9.0
9.0
8.0
8.0
7.5
7.5
6.0
6.0
6.0
5.5
5.0
4.5
4.0
4.0
4.0
3.5
3.0
3.0
3.0
3.0
3.0
3.0
3.0
3.0
3.0
3.0
3.0
3.0
3.0
3.0
3.0
3.0
3.0
3.0
3.0
3.0
3.0
3.0
3.0
3.0
4.0
3.0
4.0
4.0
4.0
4.0
4.5
4.0
4.5
4.0
5.0
5.0
5.0
5.0
5.0
5.0
5.0
5.0
6.0
6.0
6.0
6.0
5.5
6.0
6.0
6.0
6.0
6.0
6.0
6.0
6.0
6.0
6.0
7.0
6.5
6.5
6.0
7.0
6.0
7.0
6.5
6.5
7.0
7.0
7.0
7.0
7.0
7.0
6.5
6.5
6.5
7.0
7.0
7.0
7.0
7.0
7.0
7.0
7.0
7.5
7.0
Region: %d
 58
4.5
3.0
3.0
3.0
3.0
3.0
3.0
4.0
4.0
5.0
5.5
6.0
7.0
8.0
9.0
11.5
12.5
14.5
16.0
15.5
17.5
20.0
22.0
24.0
26.0
27.5
29.5
30.5
34.0
36.0
39.0
39.5
42.5
45.0
48.0
49.5
53.0
54.0
57.0
59.0
61.0
64.0
66.5
68.5
70.0
72.5
75.5
76.5
79.5
81.5
82.5
84.5
88.0
89.0
92.0
92.5
93.5
96.0
97.5
98.0
99.5
102.0
99.5
103.0
102.0
105.0
104.5
105.5
104.0
105.0
104.5
104.0
104.0
104.0
102.0
102.0
100.0
99.5
94.5
93.5
92.0
89.0
86.5
84.0
81.0
78.5
73.5
72.0
67.0
63.5
59.5
54.5
50.5
45.5
41.5
37.0
33.0
29.0
25.0
21.5
17.5
15.5
12.5
10.0
7.5
6.0
5.0
4.5
4.0
4.0
5.0
7.0
9.0
10.5
14.0
16.5
20.0
24.5
28.0
32.5
37.0
40.5
45.5
50.5
54.5
60.0
64.0
68.0
73.0
78.5
81.5
86.0
89.0
92.5
97.0
100.0
103.0
105.5
109.5
111.0
112.0
112.0
114.5
115.0
116.5
114.0
113.0
113.0
112.5
108.5
107.5
103.0
102.5
97.0
93.5
90.0
84.0
80.5
75.0
70.5
65.5
60.0
54.0
50.0
45.0
40.5
36.0
30.5
27.0
22.5
18.5
15.5
12.5
10.5
7.5
6.5
5.0
3.5
3.0
3.0
3.0
3.5
4.0
5.0
5.5
7.0
8.0
9.5
10.5
12.5
14.5
16.5
18.5
20.0
22.0
23.5
26.0
28.0
29.0
31.0
32.5
34.0
35.5
37.5
38.0
39.0
41.5
42.5
45.0
46.0
48.0
48.0
50.0
51.0
53.5
53.0
55.5
56.5
57.0
58.5
58.5
60.0
60.5
61.5
62.0
61.5
63.5
63.5
65.5
65.5
65.5
66.5
67.5
68.0
66.5
66.5
68.0
68.0
67.5
68.5
69.0
68.5
69.0
69.0
70.0
69.0
69.5
68.5
69.5
70.0
70.0
70.5
70.5
70.5
71.5
70.5
Region: %d
 61
16.0
3.0
3.0
3.0
3.0
3.0
4.0
4.0
5.0
6.0
7.0
7.5
8.0
9.0
11.0
13.5
15.5
16.5
19.0
18.0
20.0
24.0
26.0
27.5
30.0
32.5
35.5
36.5
40.0
42.0
44.0
46.5
49.0
52.5
54.5
57.5
60.0
62.5
65.5
68.0
69.5
73.5
75.5
78.5
82.0
82.0
85.5
87.5
89.0
91.5
94.5
95.5
98.0
100.0
101.5
103.5
104.5
106.0
108.0
108.5
108.5
109.5
110.0
111.0
112.0
111.0
112.0
112.0
112.0
112.0
111.5
110.0
109.0
108.5
106.5
106.0
104.0
102.0
99.5
96.0
94.0
93.0
87.5
85.5
81.5
79.0
75.5
72.0
66.5
63.5
60.0
56.0
51.0
46.0
42.5
38.5
33.5
30.5
26.0
23.0
19.0
16.0
13.0
10.0
8.0
7.0
5.0
4.5
4.0
4.0
5.5
7.0
8.5
12.0
14.5
18.0
21.5
25.0
29.5
35.5
41.0
45.5
49.5
56.5
62.0
66.5
72.0
78.0
82.0
87.5
92.5
95.5
100.5
103.5
109.0
111.0
113.5
115.0
119.0
120.5
122.0
123.0
123.0
122.5
124.0
123.0
120.5
120.5
119.0
115.0
114.0
111.5
108.5
106.0
100.0
97.0
92.5
87.0
83.0
78.5
72.0
66.5
62.0
56.0
51.0
46.5
41.0
36.0
31.5
27.5
23.0
19.5
16.0
12.5
10.0
7.5
6.0
5.0
4.0
3.0
3.0
3.0
3.0
4.0
5.0
6.5
7.5
9.5
11.0
12.5
14.5
17.0
19.0
20.5
23.0
25.0
27.5
28.5
31.0
33.0
34.5
38.0
39.5
41.5
42.5
45.0
45.5
49.0
50.0
51.5
53.0
55.5
56.0
57.5
60.0
60.5
62.0
62.5
64.5
65.5
66.5
68.5
68.5
70.0
70.5
72.0
72.5
73.5
74.5
74.5
76.0
76.0
76.5
77.0
77.5
76.5
78.5
79.0
77.5
79.0
80.5
79.5
79.5
80.0
80.0
80.5
81.0
79.5
80.5
81.5
80.5
80.0
79.5
80.5
80.5
81.0
Region: %d
 29
3.0
3.0
3.0
3.0
3.0
3.0
4.0
5.0
5.0
6.5
7.5
9.0
10.5
12.0
13.0
17.5
20.0
22.5
24.5
24.5
27.0
34.0
37.5
41.0
45.0
49.0
53.0
56.0
61.0
66.5
69.5
74.5
80.0
85.5
90.5
95.5
102.5
107.5
114.5
116.5
123.5
129.5
137.0
144.5
149.0
154.0
160.5
164.5
172.0
175.5
183.0
186.5
191.5
199.0
203.5
206.5
208.5
215.5
215.5
217.0
219.5
219.0
221.5
221.5
221.0
220.0
218.5
216.5
216.0
215.0
211.0
208.5
208.5
204.0
198.0
193.5
190.5
184.5
179.0
171.0
167.5
162.5
155.0
148.5
141.0
136.0
127.5
118.0
112.0
105.5
98.0
90.5
83.0
75.0
70.0
63.5
55.0
49.0
42.5
37.0
32.0
27.5
22.5
18.5
14.0
11.0
9.0
7.0
5.5
5.0
5.0
6.0
8.0
10.5
14.0
18.0
24.5
29.5
37.0
45.0
54.0
62.5
73.0
83.0
95.5
106.0
118.5
129.5
144.5
153.0
166.5
178.0
191.5
198.5
206.5
218.0
223.0
230.0
235.0
239.5
242.5
244.0
243.5
241.5
241.0
237.5
232.5
229.5
226.0
217.5
213.5
205.5
194.0
191.5
179.0
172.0
164.0
150.0
147.0
135.5
129.0
117.0
105.0
95.5
88.0
81.0
72.5
64.5
57.0
51.0
43.0
37.5
31.5
26.5
21.0
17.5
13.5
10.5
7.5
5.5
4.5
3.0
3.0
3.0
3.0
3.5
5.0
6.5
8.5
10.5
13.5
16.0
19.0
22.0
25.5
29.5
32.5
36.0
40.0
42.5
47.0
52.0
55.5
59.0
64.0
66.0
69.5
74.5
78.5
81.0
84.5
87.5
91.0
93.0
96.0
101.5
102.5
105.0
108.0
112.0
115.0
117.0
119.0
122.0
124.0
125.5
129.0
131.0
130.5
134.5
135.5
136.0
138.0
138.5
141.0
141.5
143.5
144.5
146.5
144.5
144.5
146.5
148.0
146.5
147.0
148.0
148.5
149.0
148.5
149.5
151.0
149.0
150.0
149.5
152.0
148.5
Region: %d
 34
68.0
2.0
2.5
2.5
3.0
3.0
3.5
4.0
5.0
6.0
6.5
8.0
9.0
10.0
11.5
15.0
16.5
18.5
21.0
20.0
22.0
27.5
29.5
32.0
35.0
38.0
41.0
46.0
49.0
51.5
56.0
58.5
63.0
66.5
71.0
76.5
80.0
84.5
89.5
95.0
98.5
103.5
109.5
114.5
120.5
124.5
130.5
133.0
139.5
145.0
149.0
154.5
159.5
163.5
167.0
170.5
174.0
179.5
183.0
184.5
190.0
192.5
192.5
192.0
196.0
195.0
192.0
193.5
193.0
190.5
189.0
187.5
184.5
180.0
177.5
174.0
169.0
165.0
161.5
155.0
148.0
141.5
138.0
131.0
124.5
118.5
111.0
105.0
99.5
91.0
84.0
78.5
71.5
65.5
59.0
54.5
47.5
42.5
37.0
32.0
27.5
23.0
19.0
15.5
13.0
10.0
8.0
6.0
5.0
4.5
4.0
5.5
7.0
9.0
12.0
15.0
20.0
24.5
31.0
35.5
43.5
50.5
60.0
68.0
76.5
85.0
96.0
105.0
115.0
124.5
136.5
146.0
156.5
166.0
174.5
183.0
191.0
198.0
204.5
208.0
211.5
213.5
218.5
218.0
215.5
216.0
212.0
207.0
201.5
195.5
190.0
182.0
177.0
170.5
158.0
150.5
140.5
135.0
126.5
117.0
109.5
101.0
91.0
83.5
76.0
69.0
62.0
55.0
49.5
43.0
37.0
32.5
27.5
24.0
19.5
16.0
12.5
10.5
8.0
6.5
4.5
3.0
3.0
3.0
3.0
3.0
3.5
4.5
6.5
7.5
9.5
11.5
14.5
17.0
19.0
21.0
23.5
26.0
29.0
31.0
35.0
37.0
40.0
42.0
45.0
48.0
50.0
53.5
57.0
59.5
60.5
63.5
64.5
69.0
71.5
73.5
75.0
77.0
81.0
81.0
84.5
86.0
87.5
88.5
90.5
92.5
93.0
95.5
97.0
98.0
101.0
100.0
103.0
104.5
104.0
103.5
105.5
105.5
105.5
107.0
106.5
109.0
109.0
109.5
109.5
110.5
109.5
110.5
110.0
110.5
112.5
114.0
112.0
113.5
112.5
115.5
Region: %d
 42
76.5
3.0
3.0
3.0
3.0
3.0
4.0
4.0
5.0
6.0
7.0
8.0
9.5
10.5
12.0
16.0
17.0
19.5
22.0
21.0
24.0
30.0
33.0
34.5
37.5
41.5
44.5
48.0
51.5
55.5
60.5
62.0
67.5
72.5
75.5
79.5
84.5
90.0
94.0
98.0
104.5
107.5
111.0
117.5
123.5
127.0
131.0
134.5
138.0
144.0
147.0
151.5
154.5
157.5
161.0
164.0
166.0
171.0
169.5
174.0
174.5
174.0
176.5
175.5
175.0
176.5
175.0
174.0
173.0
173.5
169.0
167.0
163.5
162.5
159.0
154.0
151.5
147.0
142.0
138.5
133.5
128.0
123.5
118.0
112.5
107.0
101.5
94.0
89.0
84.5
79.0
72.5
67.0
61.5
55.5
50.0
45.0
40.5
35.5
30.5
26.0
22.5
18.0
15.0
12.0
9.5
7.5
6.0
5.0
5.0
5.5
6.0
8.5
11.0
15.0
18.5
23.0
29.0
36.0
42.0
50.5
58.0
66.5
74.5
86.5
95.0
104.0
114.0
124.5
133.0
142.0
149.0
156.5
165.5
172.5
177.0
183.0
188.5
191.0
193.0
196.0
195.5
195.0
193.5
192.0
191.0
186.0
185.0
178.5
173.0
165.0
160.5
156.0
148.5
139.5
133.5
124.5
119.0
112.0
104.5
96.5
88.5
81.5
75.5
69.0
62.0
55.0
47.5
42.0
37.5
32.0
27.0
22.5
18.5
15.5
12.5
9.5
7.0
5.5
4.0
3.5
3.0
3.0
3.0
4.0
5.0
6.0
8.0
9.5
11.5
14.0
17.5
20.0
24.0
25.0
28.0
32.0
35.0
38.0
40.5
43.5
47.0
51.0
53.0
56.5
58.0
62.0
64.0
68.0
69.5
72.0
74.5
78.5
81.0
82.5
87.0
87.0
89.0
92.5
95.0
96.5
98.5
100.5
104.0
103.5
104.0
107.5
109.0
109.5
111.5
112.0
113.0
115.0
115.0
116.5
117.0
116.5
119.5
119.5
120.0
119.5
121.0
120.0
122.0
122.5
121.0
123.0
123.0
123.0
122.5
122.5
123.0
123.0
123.5
123.5
124.5
Region: %d
 49
23.5
2.0
2.0
2.5
2.0
2.0
2.0
2.5
2.0
2.5
3.0
3.0
3.0
3.0
4.0
4.0
5.0
5.0
5.0
5.0
6.0
6.5
7.0
7.0
8.0
9.0
9.0
9.5
10.0
11.0
11.0
12.0
12.0
13.0
14.0
14.0
15.0
15.5
17.0
17.0
17.0
18.0
19.0
19.5
20.0
20.5
21.0
21.5
23.0
23.0
23.0
24.5
25.0
25.0
25.5
26.0
26.0
27.5
28.0
27.5
28.0
28.5
28.0
28.5
29.0
29.0
29.0
28.5
29.0
30.0
30.0
29.0
29.0
29.5
29.0
28.5
28.0
28.5
27.5
26.5
26.0
26.0
25.5
24.5
23.0
23.0
21.5
21.0
20.0
18.5
17.5
16.0
15.5
14.5
13.5
12.0
10.5
10.0
9.0
8.0
7.0
6.0
5.0
5.0
4.0
4.0
3.0
2.0
2.0
3.0
3.0
3.0
3.0
4.0
5.0
5.0
6.0
7.0
8.0
9.0
10.5
11.0
12.0
13.5
14.5
16.0
17.0
18.0
19.5
20.0
21.5
22.5
24.0
24.5
25.5
26.0
26.5
27.0
28.0
28.5
28.0
29.0
30.0
29.5
29.5
30.0
30.0
29.0
29.0
29.0
28.0
27.5
26.5
26.0
25.5
24.0
22.5
22.0
20.5
19.5
18.5
17.5
16.0
15.0
13.0
12.0
10.5
9.0
8.5
7.5
7.0
6.0
5.0
4.0
4.0
3.0
3.0
2.0
2.0
2.5
2.0
2.5
2.0
3.0
3.0
3.0
4.0
4.0
5.0
5.0
5.0
6.0
6.5
7.0
7.0
8.0
8.0
8.5
9.0
9.5
10.0
10.0
11.0
11.0
11.0
12.0
12.0
13.0
13.0
13.0
13.0
14.0
14.0
14.5
15.0
15.5
15.5
16.0
16.5
16.0
17.0
16.0
16.5
17.0
17.0
18.0
17.5
18.0
18.0
18.0
18.0
18.5
19.0
19.0
20.0
18.5
19.0
18.5
19.0
19.0
19.0
19.0
19.0
19.5
19.0
19.5
19.0
19.0
19.5
19.0
19.0
19.5
19.0
19.0
20.0
20.0
Region: %d
 54
7.5
2.0
2.5
2.5
3.0
3.0
3.0
3.0
3.0
3.5
4.0
4.0
4.5
5.0
5.5
7.0
7.0
8.0
8.5
8.5
9.0
11.0
11.5
12.0
12.5
13.5
15.0
15.0
16.0
17.0
18.0
18.5
19.5
20.0
21.0
22.5
22.5
24.0
24.0
25.5
26.5
28.0
28.5
29.0
30.0
31.5
31.5
33.5
33.0
34.5
34.5
36.5
36.0
37.0
38.0
39.5
39.5
40.5
40.5
41.5
42.0
42.0
43.5
42.5
44.0
44.5
44.0
44.0
43.5
44.5
45.5
43.5
43.5
43.5
43.5
43.0
42.0
43.0
40.5
40.5
40.5
38.5
37.5
36.0
35.5
34.0
32.0
31.5
29.0
27.5
26.0
24.0
21.5
21.0
19.0
17.0
15.5
14.0
12.0
11.0
9.0
8.0
7.0
6.0
5.0
4.0
4.0
3.0
3.0
3.0
3.5
4.5
5.0
6.0
7.0
8.0
10.0
11.5
13.0
15.0
16.0
18.0
20.0
22.0
24.5
26.0
27.5
29.0
31.5
32.0
34.5
36.5
38.5
39.0
41.0
45.0
44.0
43.5
46.0
47.0
47.0
47.5
48.0
49.5
48.0
48.0
49.0
48.0
48.0
45.5
45.0
45.0
43.0
41.0
39.5
38.5
36.0
34.0
32.5
31.0
28.5
25.5
24.0
21.5
19.5
18.0
16.0
14.0
12.5
10.5
9.0
7.5
6.5
5.5
5.0
4.0
3.0
3.0
2.5
2.5
2.5
3.0
3.0
3.0
3.5
4.0
5.0
5.5
6.0
7.0
7.5
9.0
9.5
10.0
11.0
11.5
12.5
13.0
14.0
14.5
14.5
15.5
17.0
17.5
17.5
18.5
19.0
19.0
20.5
20.5
21.5
22.0
22.5
22.0
23.0
23.5
24.5
25.5
25.5
25.0
26.5
26.5
27.0
26.0
28.0
27.5
28.5
28.0
28.0
29.0
29.0
29.0
28.5
29.5
29.0
29.0
30.0
29.5
30.0
30.0
30.5
30.5
30.5
30.0
30.5
30.0
30.0
31.0
31.5
31.0
30.5
30.0
31.5
31.0
31.0
31.5
Region: %d
 60
24.0
2.0
2.5
2.5
2.5
3.0
3.5
3.0
4.0
5.0
6.0
7.0
8.0
9.5
10.5
13.5
15.0
16.5
18.0
19.5
20.0
24.0
27.5
29.5
32.0
33.0
37.0
39.5
41.5
44.5
47.5
49.0
52.5
55.0
59.0
59.5
64.5
66.5
71.0
71.5
74.5
79.5
79.5
85.5
87.5
90.0
91.5
94.0
95.5
99.5
100.5
104.0
106.5
109.5
108.0
110.5
114.5
116.5
115.0
119.0
118.0
118.5
121.0
119.5
121.0
121.5
121.5
120.5
120.0
119.5
119.5
120.5
119.5
118.0
115.0
112.0
108.5
109.0
106.0
105.5
98.5
97.0
95.0
90.5
88.0
84.0
79.5
76.0
72.0
69.0
64.0
60.5
55.0
49.0
46.0
42.0
36.5
33.0
28.5
24.5
21.0
17.0
13.5
11.0
9.0
7.0
5.0
4.5
4.0
4.5
5.0
7.0
9.0
11.0
14.5
18.5
23.0
28.5
31.5
38.0
44.0
48.5
55.0
60.0
68.0
71.0
79.5
81.0
89.0
95.5
101.5
107.0
106.5
115.0
113.5
119.5
121.0
128.0
130.5
131.5
132.5
135.0
130.5
135.5
134.0
134.5
132.5
131.0
130.0
124.0
121.5
121.5
114.5
112.5
109.5
103.5
99.5
94.5
87.5
84.0
77.5
72.5
69.0
62.5
56.0
49.5
44.0
38.0
35.0
29.0
25.5
20.5
17.0
14.0
11.0
8.5
6.5
5.0
3.5
3.0
3.0
3.0
3.0
3.5
5.5
5.5
7.5
9.5
12.0
13.5
16.0
18.0
21.0
23.5
26.0
28.5
30.5
33.0
36.0
38.5
41.0
42.5
45.0
49.0
49.0
49.5
55.5
56.0
57.0
59.0
61.0
62.0
64.5
66.5
68.0
71.0
69.0
72.5
74.0
73.5
75.5
78.0
77.5
79.5
81.0
81.5
81.0
82.5
83.5
82.0
85.0
84.5
86.5
86.5
84.5
86.5
88.0
86.0
87.5
89.0
87.5
88.5
90.5
89.5
88.0
87.0
90.5
89.5
88.0
90.0
85.5
88.0
86.0
88.0
86.0
88.5